,gene,pval,qval,log2fc,mean,zero_mean,zero_variance
404,404,2.4945535698154196e-54,1.203875608977588e-53,7.412420951344595,-0.0007488500063729704,False,False
967,967,4.3875899182943763e-54,2.107179106391215e-53,5.407700961269248,0.0004702560788142629,False,False
1602,1602,1.5538965902321276e-37,6.300498742908408e-37,5.093231799366604,0.003497021612203355,False,False
194,194,6.601531303817178e-87,4.315714737825856e-86,4.9986905996417725,0.0016142858141485906,False,False
2714,2714,5.436196538335819e-38,2.2162955117830647e-37,4.856150059177277,0.003059896037592994,False,False
2738,2738,3.7633049982714684e-91,2.532763998836671e-90,4.755654168426562,0.0004111366048919398,False,False
969,969,2.4035083141737044e-69,1.3510630069067339e-68,4.660488362647772,0.0023606144001798116,False,False
163,163,5.289302626012568e-80,3.2705521237511044e-79,4.541478367549026,-0.0009179810299183577,False,False
1537,1537,6.510227348703812e-31,2.4183172429227674e-30,4.431316066950421,-0.0006499556549131019,False,False
1599,1599,1.1006901380778962e-27,3.931225426973762e-27,4.32862454893855,-0.004158890111457033,False,False
1256,1256,2.6781643747233656e-49,1.2061899642153185e-48,4.2460408460992936,0.0018558849764421619,False,False
286,286,3.878198408846881e-19,1.2376874061782304e-18,4.098791053847427,-0.0016137302414891818,False,False
185,185,7.178821908685464e-27,2.527490323247741e-26,4.075212853164016,-0.00044768822625540494,False,False
1939,1939,4.155574898531671e-61,2.130180707917444e-60,4.0197337316515815,-0.002437323244536757,False,False
2197,2197,9.536985642451567e-43,4.078641698385627e-42,4.016580666224157,-0.0030437869000090392,False,False
2409,2409,1.249342539761015e-29,4.555342331708468e-29,3.887378326238652,-0.000808795000406903,False,False
1595,1595,3.2197426893151503e-38,1.314469917728661e-37,3.858521592382912,-0.00047189331314643514,False,False
230,230,2.0891305164319683e-23,7.046067469056911e-23,3.6499228193788795,0.002199751151047735,False,False
2769,2769,3.0700621006713552e-43,1.3224882895199683e-42,3.6465734518788686,0.004921937047231209,False,False
1850,1850,1.3973636212302353e-21,4.60308016405254e-21,3.603588696625352,-0.00047920002377740446,False,False
2781,2781,1.287245810925209e-28,4.6535268779854085e-28,3.5319340209833654,0.000843823346791301,False,False
1600,1600,1.0562624945533487e-31,3.9885331855398715e-31,3.531512115294052,0.0016927306312716044,False,False
2411,2411,2.750780607901753e-16,8.313968273169454e-16,3.43390311322819,-0.0014373066383948415,False,False
2170,2170,3.328547356091025e-24,1.1316298456905112e-23,3.4328627525519155,-4.035630378930802e-05,False,False
355,355,3.1070917878526377e-28,1.1177998092541369e-27,3.418963488234003,-0.0018142898251466647,False,False
481,481,3.8640259646044255e-16,1.1619482333278557e-15,3.300016006141616,0.003298495388412307,False,False
686,686,4.3527496508467986e-18,1.3598906277592946e-17,3.287367888736441,-0.003138557351888069,False,False
683,683,1.60799633590645e-27,5.7224617805399804e-27,3.2481780401787907,0.0023830526460035103,False,False
129,129,2.4364255276556118e-23,8.198765267666503e-23,3.2458771074702466,0.006905629746982919,False,False
51,51,1.6087356295919671e-18,5.0526215329406966e-18,3.2178758653695367,-0.0010186650619123574,False,False
1189,1189,3.906827754600079e-58,1.945547781149838e-57,3.137364928341611,0.0016257214044925698,False,False
1042,1042,2.908295335815074e-19,9.311564786083215e-19,3.0921287173025163,-0.00416003037847853,False,False
226,226,3.1303635756007144e-15,9.21718163926877e-15,3.0917276873510655,-0.0012932538816530503,False,False
2700,2700,1.570917058548643e-12,4.3574596539928716e-12,3.0870380590528805,-0.002005354647652783,False,False
35,35,3.0096011361412467e-16,9.086974742693002e-16,2.9694270843716732,0.0034441514491584356,False,False
1169,1169,8.104244837020928e-14,2.310605060161202e-13,2.9542414287901266,0.0036292044981080414,False,False
65,65,1.4788989539015071e-12,4.106054345350489e-12,2.935698602667593,0.0037811812425014362,False,False
1813,1813,8.516809994382108e-26,2.953024773753049e-25,2.9301550952876334,-0.0031886203924252777,False,False
1837,1837,4.107446810627451e-12,1.1184313884350712e-11,2.928135004537587,-0.003467589104061343,False,False
2125,2125,2.5130845216264483e-43,1.084132973864433e-42,2.9165994684295184,-0.00017486073218031008,False,False
1068,1068,5.141957337863499e-19,1.6374816930020241e-18,2.8682395398618388,0.00407641243321882,False,False
169,169,6.5886713200983846e-24,2.2323260819694073e-23,2.867083160092377,-0.0007547459264397264,False,False
2331,2331,1.7853439308816444e-63,9.395214161093476e-63,2.863691737459772,-0.0014144643025989796,False,False
1265,1265,1.7449515204337917e-15,5.163525536039375e-15,2.8180895083748223,-0.001071723842571131,False,False
168,168,3.5930195893637236e-24,1.220146698081411e-23,2.801575046308372,-0.0035166916069775747,False,False
1780,1780,3.1092703638173875e-27,1.101230840072793e-26,2.7834453446828493,0.002846649317608729,False,False
2896,2896,9.421959081055906e-19,2.9781016562911533e-18,2.7755474069051083,-0.0003895271196214054,False,False
2852,2852,1.6152093895707297e-20,5.262284816954913e-20,2.7606669009471556,-0.008696830041009178,False,False
1149,1149,2.6096384226604005e-23,8.761772441692387e-23,2.7552709012729615,0.00581235741608673,False,False
1772,1772,7.458878856270806e-18,2.320540088617584e-17,2.728378562324774,0.0033264641742012666,False,False
2823,2823,1.5761840899442319e-13,4.442653731200836e-13,2.7250528531881724,0.002888411843530514,False,False
2042,2042,1.0744014168346608e-18,3.3923653246439072e-18,2.72421546025582,0.0018898115104249028,False,False
25,25,1.4326666667218223e-27,5.1107628207095776e-27,2.7156993724916005,0.009393861834658974,False,False
2266,2266,1.6438323533065884e-13,4.628932091664093e-13,2.7003081842061283,-0.008817917041530888,False,False
684,684,3.486431568846665e-19,1.1150569931397524e-18,2.6186581053104536,0.003019113300091674,False,False
2585,2585,9.591856765223369e-15,2.8075572859154793e-14,2.614476927596171,-0.0015142782331042035,False,False
33,33,6.587946328011759e-15,1.9321170653694566e-14,2.608610260784397,0.002312626275759521,False,False
776,776,4.481067983784631e-45,1.973265545381719e-44,2.600625560446524,-0.00282810687589177,False,False
2923,2923,3.252007391353759e-34,1.263345279782455e-33,2.5890175833648517,-0.002483366110598408,False,False
1111,1111,5.826690892637069e-16,1.746830158519881e-15,2.5235113943085605,0.00014221548188494276,False,False
747,747,1.09080796845589e-18,3.440508023780108e-18,2.5218179012997313,0.0010827284861457702,False,False
1761,1761,9.709995809050501e-92,6.564753430811363e-91,2.5162706472508503,-0.003153282748316972,False,False
1248,1248,3.867683972893475e-26,1.3489172775026832e-25,2.483799309010842,0.001718014981306101,False,False
1933,1933,1.271943952695709e-15,3.782695041684233e-15,2.4690181156438835,0.0013444366537751565,False,False
1378,1378,1.8097084787087782e-27,6.424898044028293e-27,2.45587448061579,0.0022706340205420157,False,False
1107,1107,3.5711057504160684e-16,1.0749535362307193e-15,2.437671191577626,0.003966946317913854,False,False
1081,1081,4.721334000227346e-43,2.0308578714021398e-42,2.420680404413105,0.002457566393326712,False,False
2665,2665,3.071618433127228e-21,1.0095862136790268e-20,2.4036518317868403,0.00011465200970122314,False,False
1253,1253,1.1193026712399513e-80,6.949979766192836e-80,2.378579290645263,-0.0015551337730676388,False,False
914,914,1.157265051101961e-13,3.286854231263751e-13,2.3762048632334754,-0.002156816923066701,False,False
910,910,2.511568284097133e-08,6.011560215484106e-08,2.346110042397547,-0.00643314160441498,False,False
685,685,3.51185147120491e-25,1.2134080519832566e-24,2.3379143233779094,0.0025129625911040395,False,False
2060,2060,2.4810381428666528e-14,7.191133992215064e-14,2.3362857890896604,0.004473292027174962,False,False
2370,2370,3.7280607693002477e-26,1.3017511015627216e-25,2.331043910727507,-0.0017273305357397373,False,False
1447,1447,1.5772152468681188e-15,4.676498354350226e-15,2.328263519611972,0.0015097441132169683,False,False
548,548,4.070752752768273e-32,1.5469902906806958e-31,2.291156606683499,0.0019871608638263143,False,False
2019,2019,4.920963828337637e-39,2.0285306447925148e-38,2.287686108980895,-0.003588402432700982,False,False
2595,2595,5.171147619794571e-26,1.7992926301934685e-25,2.280762194946315,0.0018302148519298818,False,False
859,859,1.3959391393882262e-17,4.3293075921674554e-17,2.24968152387275,0.005011958591614429,False,False
541,541,6.407013731116937e-09,1.5663934723191985e-08,2.238003533728803,-0.0006889487230166335,False,False
698,698,5.758087154449209e-19,1.829764740300348e-18,2.2326575551414316,0.0007877237308133609,False,False
1341,1341,6.2945234819260874e-30,2.3092887137647253e-29,2.2323275022956306,0.000192780394516469,False,False
1957,1957,7.331040861880086e-12,1.9834575458578025e-11,2.230964193135012,-0.0010258267045603385,False,False
254,254,2.654626505443487e-16,8.039725987914561e-16,2.221502235221168,0.004762241387600611,False,False
2805,2805,3.0268233960090743e-09,7.492587021980762e-09,2.21198053113904,-0.0016179817154476075,False,False
1796,1796,1.719991272900619e-13,4.834217895804012e-13,2.1962968272367394,-0.0024974588730544856,False,False
301,301,1.4520822004511743e-15,4.314094065004089e-15,2.17806977335372,0.001285685504102855,False,False
34,34,5.360763052377284e-12,1.4570279065435697e-11,2.1751475301415844,-0.0005478749211900976,False,False
2043,2043,6.499734281017448e-12,1.7601470206258928e-11,2.1493236666663402,-0.002559109496915613,False,False
2925,2925,1.1404822785212594e-25,3.9497682644703597e-25,2.141414679003281,-0.002955602982555737,False,False
803,803,4.786632814981258e-13,1.3389939863208646e-12,2.1087768405632614,0.004197975795345647,False,False
2400,2400,9.044711670998526e-21,2.956465224617139e-20,2.097303472320588,-0.008135010918813568,False,False
2270,2270,6.802396243317288e-17,2.0856933936121599e-16,2.087119140078662,0.002286971316890377,False,False
1765,1765,8.94572113356954e-62,4.6015425172329975e-61,2.075463310839809,-0.00047212828240998303,False,False
1482,1482,5.932161098496638e-11,1.5567333457416464e-10,2.072796107821795,0.002607775594731442,False,False
1336,1336,8.55736115085567e-33,3.2941955766199257e-32,2.0421170478129342,-0.004571631089724713,False,False
1601,1601,6.663582712153159e-11,1.7440488086129255e-10,2.012025741872433,-0.0006173117692619568,False,False
415,415,4.47399555883243e-26,1.5585468096965554e-25,2.010291858469326,-0.00015281448988380564,False,False
772,772,6.034859661144281e-16,1.8074130650127375e-15,2.0071239115040473,0.004966722553175375,False,False
2883,2883,3.0570146704203934e-11,8.10832845559225e-11,2.0036765560489482,0.007559736096400363,False,False
2822,2822,8.213239476782828e-08,1.9377499814858058e-07,2.0013723370273873,-0.003949306087055885,False,False
904,904,2.5841360611748518e-18,8.090417541737299e-18,1.9997946782387936,0.00521810617994914,False,False
655,655,1.2841061904832916e-19,4.1381402533706945e-19,1.992093611008519,0.0009501699854123904,False,False
400,400,1.987793764861056e-08,4.792666039080109e-08,1.988867240663393,-0.0027100195726292237,False,False
413,413,2.9462941252357824e-11,7.828649027484155e-11,1.9841602293531335,0.0007108252799945163,False,False
758,758,5.444077260573135e-12,1.47831850954996e-11,1.9840477903206741,0.0006027151317067317,False,False
868,868,1.2938540143805718e-10,3.342174686406908e-10,1.9757562640322162,0.004088294286269784,False,False
196,196,3.037746680633123e-11,8.064429470589543e-11,1.9652220665095195,0.0032963757687810764,False,False
2412,2412,3.3838982018913896e-12,9.248075380491384e-12,1.917796958038195,-0.0013191749324774106,False,False
331,331,1.0169493841553728e-12,2.8340899269231425e-12,1.9156860443251194,-0.004417808946427977,False,False
911,911,3.0568895545878325e-12,8.377514494936922e-12,1.9077832090726716,-0.0034329799376487113,False,False
540,540,6.7689085124253e-08,1.6008064115440872e-07,1.8960827839262815,0.00015548656206312936,False,False
48,48,8.054930884399887e-11,2.0971083214823566e-10,1.8914891736764345,0.0035047251113864792,False,False
906,906,9.514421096568041e-12,2.562504701870594e-11,1.8783725600787435,0.001073097872161156,False,False
2577,2577,7.679359513146257e-15,2.2499841100708873e-14,1.8684469112415463,-0.0011269152180930194,False,False
2372,2372,4.760609600074877e-09,1.1677263878530774e-08,1.853611249339927,0.006037159146669654,False,False
1663,1663,3.395199367454205e-12,9.270424767805042e-12,1.8495590415666832,-0.0014061112015441935,False,False
2668,2668,7.091614603949218e-11,1.851179608137316e-10,1.8257915376984075,-0.0019735859452263294,False,False
2055,2055,1.7020265867979698e-11,4.542819163324078e-11,1.8253446636215864,-0.00013219150507582864,False,False
2828,2828,6.583702936200581e-09,1.606943282454221e-08,1.8122110667371225,-0.0016937881062507798,False,False
2824,2824,4.812423925593901e-10,1.2249806356057202e-09,1.771715430497495,-0.0017661347900651114,False,False
423,423,5.030043754427124e-13,1.405759874118616e-12,1.7709178357613473,0.001921684672457299,False,False
53,53,3.745549349650838e-09,9.225552257065302e-09,1.761896764946243,0.007964971862051319,False,False
896,896,1.1064617302595686e-14,3.235446714690049e-14,1.715176290557431,0.000981762554505279,False,False
739,739,1.0375525932447954e-06,2.3241178088683415e-06,1.691690147618738,0.00038397397949775213,False,False
1686,1686,1.137371995169323e-14,3.322559135494636e-14,1.67342727028699,-0.00016024505793588075,False,False
884,884,2.982572291122253e-17,9.201948607121462e-17,1.6723929686401227,-0.001585346525668229,False,False
1388,1388,7.279709545083518e-16,2.1758487341196256e-15,1.6640038998047701,0.0018900813045065823,False,False
1564,1564,5.984145359401025e-26,2.079735764250848e-25,1.662445258997109,-0.0044293581655257055,False,False
278,278,2.045325691013899e-14,5.951496716597306e-14,1.658244799071713,-0.004718343658161735,False,False
1687,1687,2.2047640653852515e-09,5.475932841894081e-09,1.6463606514431168,-0.0006006009074665695,False,False
1151,1151,7.692927226031765e-16,2.2970430590404708e-15,1.6257466362408208,-0.001592110842294269,False,False
1932,1932,9.122685807350285e-10,2.3082806032579406e-09,1.6172527194588036,-0.002439909432532361,False,False
2181,2181,7.467380719495463e-07,1.6944331785521815e-06,1.6029314070284448,-0.0026548268245595056,False,False
2954,2954,3.884509628227276e-18,1.2148814095446318e-17,1.581865084172452,-0.0003228770604760487,False,False
2537,2537,1.1648255896965632e-07,2.7329662847584187e-07,1.579916364878899,-0.0047399929203757775,False,False
1826,1826,1.95044146664751e-09,4.860545989093039e-09,1.5732349779569754,-0.0028378606015928825,False,False
1593,1593,2.0886719899713788e-08,5.023645434550285e-08,1.560646231515746,-0.0007813471171941215,False,False
421,421,6.629230642067068e-16,1.9834230388765177e-15,1.558526345481211,0.0023411888736910827,False,False
1674,1674,1.30795894854294e-13,3.707757554226787e-13,1.5549465365126585,0.002865206607862757,False,False
1117,1117,1.2916104899256726e-09,3.248728757711353e-09,1.5548706227995315,-0.005861199805879811,False,False
1057,1057,1.931401780864541e-06,4.258841371178275e-06,1.548322850945762,-0.003443216880807629,False,False
2566,2566,1.8526707040092744e-10,4.760802293938984e-10,1.5459944302366944,-0.004302798995823681,False,False
1477,1477,4.0401767666535324e-08,9.639264182819682e-08,1.5435574542127637,-0.00026316342097980946,False,False
2357,2357,7.50270737552717e-14,2.1411572587081384e-13,1.53923633569345,-0.0032711097028170566,False,False
359,359,7.666107053037874e-13,2.138440388478986e-12,1.5326744021432734,0.001212771026245135,False,False
1651,1651,3.2349162260950736e-16,9.747443004111856e-16,1.5275520386232286,-0.00014045380286792884,False,False
1734,1734,8.541770035173555e-09,2.0814428131687284e-08,1.5222802698778972,-0.0015344281422435295,False,False
979,979,3.718027464213655e-37,1.5013748998348474e-36,1.5142003240700008,-0.0017810784233198082,False,False
1976,1976,4.284612012712167e-09,1.0527093090835853e-08,1.5092622527246926,-0.0030883111093173033,False,False
2393,2393,2.894928449169163e-11,7.705962006398275e-11,1.5047473742513506,-0.004108083014098275,False,False
369,369,4.0570667501781934e-17,1.2491051986025807e-16,1.496596514487684,-0.0005775100656812302,False,False
56,56,1.696316078111679e-24,5.813702216900072e-24,1.493713932087175,-0.0022108782601852816,False,False
2085,2085,1.3629781995336572e-10,3.5146127682153736e-10,1.4926013958011533,-0.0025796617727582936,False,False
232,232,5.567966184073675e-16,1.6709528447250425e-15,1.4904620612832151,0.0006317592045722376,False,False
2294,2294,2.411629390213451e-07,5.5876003357951e-07,1.4879676665671493,-0.0026201013423883587,False,False
716,716,1.5952275644950169e-09,3.992104056847564e-09,1.4847128834788477,-0.0023483475914701703,False,False
1102,1102,1.6086284928629534e-08,3.891124178335164e-08,1.4841498841632965,0.0012435699682185179,False,False
1604,1604,1.9259395221739535e-06,4.249954276440368e-06,1.4733892770231485,-0.0007175435422349446,False,False
1836,1836,7.728793236311557e-06,1.6514800810203528e-05,1.468434503878297,-0.0029948160788994234,False,False
2399,2399,4.99263410171304e-07,1.143374846750332e-06,1.4660843177066663,0.0036005977190914427,False,False
743,743,1.22345590803704e-13,3.471526897757107e-13,1.4576755413222477,-0.007033094641723138,False,False
2134,2134,3.861120078045317e-11,1.0204634364771596e-10,1.4368822469707647,-0.0023374678356493928,False,False
2716,2716,3.3086207351213276e-06,7.225891347932377e-06,1.4172071552633843,0.001013986952835178,False,False
592,592,1.72008945637849e-15,5.095035435660039e-15,1.4154464738057786,-0.0032333605889570804,False,False
2504,2504,3.379263503372397e-09,8.330277473429629e-09,1.414068158655017,0.005381594202070051,False,False
26,26,5.837463662413425e-14,1.670741769531634e-13,1.4130421623929816,-0.00034077498976419623,False,False
2523,2523,2.7871389747056513e-12,7.65238527005215e-12,1.4073768738292232,0.0015263131679367214,False,False
1062,1062,7.462687779527325e-21,2.4420349867295592e-20,1.401053611554107,0.00045514999409925535,False,False
1419,1419,3.0854750418270527e-10,7.887760485911019e-10,1.4008898508160277,-0.0006123337266544255,False,False
559,559,1.4340686599355622e-09,3.600943978586082e-09,1.3880536680308093,0.0006321668526851096,False,False
190,190,9.711049228592505e-17,2.965266883792444e-16,1.3879241828976012,-0.003848038199711199,False,False
1123,1123,3.813305267888474e-09,9.384651770392199e-09,1.379675898321257,-0.0014254365917608898,False,False
1264,1264,1.6822305390152876e-30,6.241075299746718e-30,1.374631186395667,0.003425149630613327,False,False
1715,1715,3.1463982281698745e-10,8.036583426168835e-10,1.3717833689276202,0.0002980514825562655,False,False
1092,1092,2.3838161657583578e-05,4.975503783383126e-05,1.3668542413519642,0.0016772846398139482,False,False
57,57,2.65254377526005e-06,5.823039885334192e-06,1.3466716180929719,-0.0011458859191197566,False,False
338,338,3.2741267279268094e-09,8.084532552817612e-09,1.3316584758899996,0.0027326903133469715,False,False
234,234,2.28331338093009e-27,8.096623792832148e-27,1.3201529608316152,-0.0010489188447004045,False,False
2130,2130,1.217516206514024e-11,3.27021547595803e-11,1.317928266487042,-0.004149177060182773,False,False
658,658,1.0408975357487657e-08,2.5302079329257465e-08,1.3011592438968327,-0.00024713273466224527,False,False
418,418,3.266713416839558e-22,1.0869512804013236e-21,1.2904877546729643,-0.005136331523143297,False,False
2888,2888,1.0920563937446971e-05,2.3234576176589683e-05,1.2870717741270692,-0.0010529258028718056,False,False
1624,1624,1.203065367373083e-34,4.69211302281644e-34,1.2813513490003356,9.554277704736623e-05,False,False
1638,1638,1.5034097031367715e-10,3.873368054609321e-10,1.27318058022941,-0.00523175579660831,False,False
903,903,9.83794360336527e-16,2.931628174175514e-15,1.2648380565502726,-0.000794670367317449,False,False
610,610,3.9382078104244785e-14,1.1337149157458634e-13,1.2629947424674817,-0.0013070114709135207,False,False
1622,1622,2.4896159642072697e-08,5.963825812564307e-08,1.2613326104278566,0.0001326184860726055,False,False
1474,1474,1.7051626553831522e-07,3.9787128625606887e-07,1.2561783545390885,-0.0001269587749002099,False,False
1950,1950,3.017827097725752e-10,7.721474850043132e-10,1.2545296897151466,0.002023815953498549,False,False
591,591,2.988282832090289e-07,6.902119412952511e-07,1.2522488323701269,0.0030795185248136134,False,False
1506,1506,8.558916319875994e-07,1.9288431007890626e-06,1.22987449621878,0.0013645368074410615,False,False
1661,1661,1.0007234776095485e-11,2.6927899198052038e-11,1.2225421603377986,-0.005501533799846341,False,False
2513,2513,4.5130000991702064e-07,1.0359307265535322e-06,1.2214410823958906,0.001964552023707849,False,False
2410,2410,1.06012942919935e-13,3.016744147520298e-13,1.22025949440374,-0.0021190479186822446,False,False
687,687,5.639401679881625e-10,1.4342540005045983e-09,1.2198385551091266,0.006662451263015686,False,False
1729,1729,6.24371970412251e-06,1.3418798031741933e-05,1.2122450961554607,-0.0009917598230140441,False,False
2672,2672,6.119708425855775e-12,1.6602645893912195e-11,1.18761752653263,0.007541849415974693,False,False
2599,2599,1.2483539492975032e-14,3.643180453800383e-14,1.1809995341961037,0.002378136936010909,False,False
1441,1441,2.153427647026015e-10,5.528869598938765e-10,1.1721386459058198,-0.004682606600496176,False,False
2471,2471,6.208550633367323e-12,1.6828290666515264e-11,1.1697310120703672,-0.00011992993023115291,False,False
883,883,1.6007855978517763e-07,3.741048546790608e-07,1.1652614291917927,-0.0012705692533777693,False,False
442,442,6.254317938046366e-10,1.5865654393266336e-09,1.1564116628381522,-0.0054059054227025664,False,False
913,913,2.4108150711612082e-14,6.994427303232127e-14,1.1558681472758836,-0.0031345079716464334,False,False
170,170,1.804481225365167e-19,5.789946245279801e-19,1.1557919307456477,-0.004031694860740604,False,False
1744,1744,3.049355905898837e-07,7.037704765713647e-07,1.1398683046632245,0.00015722900872445177,False,False
1438,1438,4.372084962949546e-10,1.1138496283291204e-09,1.1379129912458061,-0.0030028028482241434,False,False
316,316,2.461742176218414e-08,5.9018180767498e-08,1.1367338875967918,-0.004912250203011347,False,False
885,885,5.813458869334601e-27,2.0492097297131944e-26,1.133864518300881,-0.006236867981184741,False,False
857,857,6.106436880642647e-10,1.5503767888577737e-09,1.1311534545213848,0.0034407320466845652,False,False
282,282,3.562418701115588e-07,8.202683246633876e-07,1.1296259158481983,0.00019270744188583985,False,False
1914,1914,8.087035741646672e-08,1.9094926078923882e-07,1.129503235786326,-0.0031720451382915614,False,False
2347,2347,6.17813288967158e-06,1.3306747762369556e-05,1.129064499982288,0.008502133632176709,False,False
2563,2563,7.700521804947915e-19,2.4391834276505242e-18,1.126105712472266,0.0006007153333045081,False,False
1535,1535,7.659779012792039e-05,0.00015371348282600927,1.125254412458447,-0.005984088046334251,False,False
846,846,2.1243636824829932e-08,5.105353368104877e-08,1.1163551584329243,0.00010576102888499184,False,False
1944,1944,2.624888309571128e-11,6.993418763740671e-11,1.110605696118195,-0.0034247770748995917,False,False
453,453,1.7560815816035438e-09,4.387247587709864e-09,1.1066604498811372,0.0012891081463480023,False,False
1883,1883,6.497795166184991e-07,1.4823563453679519e-06,1.1021972936784759,0.0004535729174000003,False,False
695,695,6.625247730532958e-08,1.5693324233217734e-07,1.0997419454063246,0.00014128134286710801,False,False
1145,1145,1.4480442688518314e-09,3.6298947550272258e-09,1.0948838174418605,-0.0018926430833337646,False,False
448,448,1.6684254552594745e-06,3.7009616974664573e-06,1.094075163521376,0.0031157221686055063,False,False
223,223,1.3449243025478215e-13,3.8052767683145226e-13,1.0926562692601745,-0.0009036619568756135,False,False
1481,1481,5.996740064774912e-07,1.3701558515975318e-06,1.0880922004316376,0.0027013321373280095,False,False
1041,1041,1.3625913680413957e-10,3.5146127682153736e-10,1.0785681155906508,-0.002295671439936722,False,False
1831,1831,9.863290598427377e-10,2.4914252337134003e-09,1.063631841067072,0.0014847810601136043,False,False
1255,1255,4.4768697226206303e-07,1.028432611202634e-06,1.0599673400482705,-0.0025278382134853823,False,False
980,980,4.262513426872571e-15,1.2513491445062109e-14,1.057512311220457,-0.006883989010233734,False,False
2035,2035,1.4933223191614779e-09,3.740236829764782e-09,1.0516274607703417,0.0020203129532051995,False,False
876,876,0.0002600468723638975,0.0005064429902729971,1.0472476963350357,0.001493541599009084,False,False
2615,2615,3.773320841210641e-06,8.216592998322217e-06,1.0428964237482066,0.003081186703881868,False,False
399,399,3.5351088680201556e-07,8.146120435002967e-07,1.0393923044450697,-0.0016864124717017393,False,False
87,87,4.355594875882213e-10,1.110601854950035e-09,1.0349599728155272,0.002797171108845577,False,False
1951,1951,9.489639015838508e-07,2.1288925622833477e-06,1.0311331271862993,-0.006428637638050488,False,False
2764,2764,5.221871584852675e-08,1.2418681781925273e-07,1.0044754730090695,-0.00111210416920478,False,False
1290,1290,3.2990798318502715e-05,6.823462676607391e-05,1.0027675005390135,-0.0032015519233422655,False,False
1749,1749,8.533029607603514e-07,1.92447050724675e-06,1.0016237754343902,0.0009044959850192809,False,False
1764,1764,0.0006202652751048227,0.0011710860919281895,0.9963566732300299,-0.004933066941744534,False,False
2463,2463,5.6122248154510586e-11,1.474078163916703e-10,0.9921981340757816,-0.0019012693810094672,False,False
565,565,3.3313224165565834e-05,6.885351624192158e-05,0.9918904188203759,-0.0049066068381370025,False,False
126,126,5.3438336563027697e-11,1.406072543608743e-10,0.9806091402510058,-0.005731348478309153,False,False
2212,2212,2.7106081508938665e-05,5.6496383369754185e-05,0.9773735849574321,-0.0034088782504015673,False,False
1585,1585,1.3775833173694619e-05,2.9183920670610724e-05,0.9749382498226604,-0.00037262750164093446,False,False
640,640,1.8385670887370655e-06,4.063192196106932e-06,0.9726041244624998,-0.0014361130283757446,False,False
252,252,0.00027056528586226394,0.000525892448224754,0.9693160425770394,-0.004825953070495485,False,False
808,808,2.407998151140575e-07,5.583545712957208e-07,0.9688769382237541,0.0027998942219271015,False,False
347,347,1.7750431806985854e-10,4.565275702177991e-10,0.9686390422772192,-0.0026409255195087114,False,False
1356,1356,1.7708567785469558e-08,4.276568688956358e-08,0.9617709994268203,0.0011340297810684054,False,False
2016,2016,2.7500514178441018e-06,6.032633117635842e-06,0.9586947716154156,-0.0037431004065928797,False,False
1620,1620,8.322699679571974e-07,1.8784617984007315e-06,0.9585045823168143,-0.0015043691759424604,False,False
2508,2508,5.064046380081374e-05,0.00010315778761895344,0.9546872580854924,-0.00963644890801824,False,False
2457,2457,9.68154983801139e-07,2.1703051298502873e-06,0.9545612760910848,-0.005056782024757168,False,False
1326,1326,7.650504193547665e-06,1.6359291387931894e-05,0.9483409410657629,0.008814161288178416,False,False
188,188,3.821810186120143e-05,7.860798775055152e-05,0.9396119940359199,0.0037873620157264634,False,False
643,643,7.787970266078771e-07,1.759109265580045e-06,0.9385789401030304,-0.0010791596733246548,False,False
2623,2623,1.166829009212589e-08,2.831683155636111e-08,0.9328285040037213,-0.00020674570887442437,False,False
1069,1069,1.4460850079504373e-09,3.6280475939111563e-09,0.9316473059956678,0.0025350706394392654,False,False
1942,1942,4.126407017850349e-05,8.463839688306728e-05,0.9304840336519787,0.003168574971768329,False,False
1733,1733,8.648117702026168e-06,1.845263360144764e-05,0.9298069226719174,0.005323220953086336,False,False
1229,1229,2.2547333088730077e-10,5.77897103690422e-10,0.9229442267352616,0.0058773245174025155,False,False
992,992,3.3816522874524904e-12,9.248075380491384e-12,0.9214722910482136,-0.002759077157927007,False,False
69,69,9.66985039912164e-10,2.4446436102719787e-09,0.9211173846939413,-0.004275279365999248,False,False
2154,2154,7.896778422647592e-05,0.00015814870687191668,0.9176986181634638,-0.002277543527945792,False,False
1250,1250,9.46733760117038e-08,2.22831546393923e-07,0.9137106464981485,7.978403529907904e-06,False,False
2887,2887,3.153970512934781e-05,6.527883181583284e-05,0.9005492959134016,0.0005598092916775203,False,False
2380,2380,4.7349692606351285e-06,1.0257948004062087e-05,0.8986295916382058,-0.0016223730395832523,False,False
159,159,1.094129808268269e-05,2.3262014834815348e-05,0.896940830167697,-0.003291220152791911,False,False
988,988,2.616920607152858e-06,5.749089831258092e-06,0.8940121234982025,-0.0016953166829146386,False,False
2931,2931,0.0010350811051951356,0.0019093354382965582,0.8894847682209861,-0.003275998090913537,False,False
692,692,3.428146626334964e-05,7.080542231706452e-05,0.8874408131986142,0.0033742748593308053,False,False
2616,2616,6.344786954057959e-06,1.3616288994681143e-05,0.8841850979777811,-0.0025873777252710347,False,False
1493,1493,2.303911642251398e-06,5.06519241052011e-06,0.8807508449470391,0.006227839446262571,False,False
1861,1861,4.0891347438221976e-05,8.393189432686225e-05,0.8794553722142645,0.00265475067330352,False,False
1254,1254,0.00015575086965033286,0.0003067475654427259,0.8761787862731287,-0.005091601216960267,False,False
1423,1423,7.880967595162216e-05,0.00015793863485780862,0.8697032373915168,-0.0011796547150430214,False,False
227,227,2.972822999781744e-05,6.161549345916352e-05,0.8691059137650703,-0.002261305939495247,False,False
2122,2122,1.5412019418171543e-05,3.2534049525699247e-05,0.8684088082902798,0.0075079863721256215,False,False
2568,2568,1.1723457816641754e-06,2.6201221987795727e-06,0.8663898357633675,0.004716863635555588,False,False
2493,2493,5.083907177108545e-07,1.1633798382157409e-06,0.8658184553167192,0.005451159649004443,False,False
2777,2777,0.00029629302076036526,0.0005736449351707529,0.8652235860540113,0.0031964040659730525,False,False
1703,1703,0.0025762828300863803,0.0045622956084107255,0.8590677970077029,-0.0094979384990692,False,False
820,820,1.2846200732591601e-06,2.8645772933382327e-06,0.8575987238912617,-0.002473109661684183,False,False
1672,1672,1.1121651701854407e-07,2.6156150753648085e-07,0.8556821451992032,-0.0007486962229497247,False,False
1048,1048,1.906653913869217e-05,4.007754119237844e-05,0.8511385318511189,-0.00023616426033000806,False,False
212,212,6.219991648994322e-06,1.337748928566315e-05,0.848075174690577,0.0031044538693049766,False,False
1596,1596,0.0004377308766114631,0.0008349519548732793,0.8461078522150681,0.003775813520346445,False,False
1414,1414,4.8651824738753195e-06,1.0532357098805214e-05,0.8452820305744202,0.0017536218525060839,False,False
1574,1574,9.337327659616501e-05,0.0001864952119363511,0.845174418392932,0.0055970074603636545,False,False
2276,2276,0.001603409967326007,0.0028964825216211735,0.8424123037930872,-0.0003817299462859974,False,False
667,667,7.113226172613568e-07,1.6165432833320883e-06,0.8410141016367533,-0.0012037805939803595,False,False
2524,2524,1.1824904621154614e-06,2.64080638943468e-06,0.836784609226012,-0.0008725654682117086,False,False
2024,2024,0.002977301108844281,0.0052442906178337256,0.8355181037922872,-0.022370945587673614,False,False
1873,1873,8.488286576866864e-06,1.8124629179957447e-05,0.8239113497356773,0.00048222777661902365,False,False
2440,2440,6.029669849792845e-07,1.3766200087834742e-06,0.8232793494354432,-0.00346434406943347,False,False
981,981,3.55100210037139e-14,1.0242346194268499e-13,0.8229956586783872,-0.006524710903027201,False,False
1971,1971,2.011958165978575e-05,4.2261088723456554e-05,0.8186885721966851,0.001077833134382444,False,False
2826,2826,4.1005442445082375e-06,8.922591875146957e-06,0.8089383006522837,-0.006678950052447605,False,False
665,665,4.637845069321466e-05,9.473588551786724e-05,0.808621573438792,0.005896388807368865,False,False
99,99,5.325315342161365e-05,0.00010818299750537256,0.8006657068992762,0.00048082229570773185,False,False
167,167,5.641657326389434e-18,1.7607191319373123e-17,0.7919298338727963,-0.00017539407238952249,False,False
49,49,3.325630423481276e-11,8.80505896243749e-11,0.7841630375689883,-0.0020850581146130416,False,False
1126,1126,9.53131003386391e-06,2.030791685607185e-05,0.7687660841697722,-0.001411297896195918,False,False
2476,2476,0.005739216924548251,0.009756011358567704,0.7685889484215521,-0.010959574694643662,False,False
1150,1150,0.00036758894792630626,0.0007066088066355422,0.7602148031120054,-0.0006732335889224924,False,False
1226,1226,4.657812535445376e-05,9.507831915544618e-05,0.7600442594722291,0.004995892398285684,False,False
1886,1886,0.0004700543372540305,0.0008960316460950305,0.7587307520533728,-6.21347147042625e-05,False,False
2333,2333,2.0474223461760378e-05,4.297559776131881e-05,0.7455328084647151,-0.0032457983277602593,False,False
2945,2945,0.00012510018366907076,0.0002472019608054607,0.7398950482099139,0.0026341237161472647,False,False
713,713,1.8254745713568147e-05,3.83983595165629e-05,0.7363827447831501,0.0001633170733892134,False,False
750,750,5.891163891851203e-05,0.00011918864642818248,0.7352916396516186,-0.001458070263476359,False,False
2152,2152,1.3752472064719178e-05,2.9155240777204657e-05,0.7282998942487433,0.006562563292126091,False,False
1143,1143,0.00026968264942448444,0.0005245203823668871,0.7261123891369974,-0.0033912579407175997,False,False
2795,2795,1.9340315342601308e-07,4.5021220342620147e-07,0.7238015843891613,0.0007521938647549614,False,False
1863,1863,2.912346025121377e-11,7.745379034552192e-11,0.7204198225124747,0.00040940017694946255,False,False
2458,2458,0.0038020769255019413,0.006622396898409485,0.7202180714114463,-0.003436823151100015,False,False
174,174,0.0002268282500387387,0.00044408063727900823,0.7159309435667625,0.0012179939832878037,False,False
1699,1699,0.0002728562529465693,0.0005299982714302473,0.715120144207583,-0.006507645774964668,False,False
324,324,1.6354819410975344e-05,3.447521591745371e-05,0.7098817948488082,9.735023711182947e-05,False,False
279,279,0.0011510300003575052,0.0021140204462011605,0.707018202087364,-0.001602443072912134,False,False
459,459,1.4853813934327223e-07,3.4740835111964696e-07,0.7062223604321831,-0.0007830854164351496,False,False
2296,2296,0.00026407538720023147,0.0005139513109575652,0.7055104933371293,0.003954052675427208,False,False
1750,1750,4.236525799250168e-05,8.683707577468577e-05,0.698689131348006,-0.007722580321469439,False,False
1210,1210,9.604414928953461e-05,0.00019157193218503947,0.6948955393788886,-0.0019726402477748006,False,False
273,273,0.0007552245854228775,0.0014133080514092688,0.6877801874919707,0.004100742258217596,False,False
989,989,1.160576213534394e-06,2.595772571040001e-06,0.6863291225042314,-0.0031928391309999603,False,False
1322,1322,0.0015667091713095081,0.0028353614758820857,0.6846528311195247,-0.0034065534201872597,False,False
1321,1321,4.59327160583513e-05,9.389001464269054e-05,0.6843334123103664,-0.00436196526918476,False,False
1023,1023,1.7772668327025997e-06,3.936513402583072e-06,0.6823119537607997,-0.0021500355403060263,False,False
1089,1089,0.006940217120697232,0.011683814188445482,0.6822634701048226,-0.004916375707995243,False,False
1390,1390,4.904588764738416e-05,9.997815558889848e-05,0.675474529364664,0.0025145722724733174,False,False
1413,1413,0.00012260143796255044,0.0002425873785818998,0.6745725231885994,-0.00164722758654198,False,False
1112,1112,0.0008692498769254958,0.0016185280017031818,0.672440056555973,0.004060105679458344,False,False
2041,2041,2.9375348918764736e-05,6.092664960928982e-05,0.6716800346545814,-0.002582939633065226,False,False
2401,2401,0.00017784578064723844,0.00034933572267439026,0.6683322099598739,0.0002010045429117304,False,False
1312,1312,0.00051498341620981,0.0009779083680810723,0.662644629152708,-0.0036292066830187274,False,False
886,886,0.00433903503134426,0.007491713771396024,0.6490506588969447,-0.00048204741272365364,False,False
2495,2495,7.061407879645732e-07,1.6064957721088292e-06,0.6490312319113731,-0.001313353772514839,False,False
712,712,0.004493853541263699,0.0077333353861089174,0.6480719237696797,-0.0038251395449704108,False,False
235,235,0.0033136973372715,0.005809246129369056,0.6477721300452499,0.0024648826562905543,False,False
814,814,0.006174978453068986,0.010466782437869075,0.64467625329996,-0.009429438933443973,False,False
993,993,4.1232356668704045e-06,8.965394475656675e-06,0.6428760134813306,-0.00467644665897313,False,False
2737,2737,7.546033929754232e-07,1.7109723990458795e-06,0.63720863123034,-0.0018871704553325337,False,False
822,822,2.3654431344696385e-05,4.9406299951484075e-05,0.6344056652085057,0.0035804561090625586,False,False
1743,1743,3.1873101761412076e-06,6.971213413991971e-06,0.6314660556115247,-0.003243108093278844,False,False
2291,2291,0.0002526711255557839,0.000493373618848399,0.6283404909489609,-0.0009421763928726973,False,False
119,119,0.004679926263383222,0.008028913959376535,0.6252837166805074,0.0016406437941938975,False,False
2697,2697,0.0005788903167397367,0.0010950582919589157,0.6240564256215106,-0.0008740242060137004,False,False
2784,2784,0.003843942075902297,0.006687467808486528,0.6230536777525224,0.005655922405232195,False,False
1323,1323,7.123732301446681e-06,1.525486108996663e-05,0.6190193218288237,0.0026227549488679136,False,False
2862,2862,0.0016528235473241006,0.0029803039419550007,0.618523728963495,-0.0005729058253461919,False,False
1373,1373,0.00019363147559273936,0.0003798401979902514,0.6168447973763745,0.0023532975872531344,False,False
380,380,9.057135337911229e-07,2.03494153542169e-06,0.6148708335825425,-0.00656168197136419,False,False
727,727,0.0007174070007803571,0.0013467830349880453,0.6137049860337893,-0.0032582576273792116,False,False
2278,2278,0.0005767983161106607,0.0010917968126380362,0.6110191647811384,0.0018910674868970112,False,False
2965,2965,5.4907041549501424e-11,1.4434375493261313e-10,0.607677288036711,0.0022660371233513867,False,False
2192,2192,0.0011968324127784999,0.0021927151858806095,0.6064164499687777,-0.000783610894117497,False,False
2450,2450,0.00043340420181095686,0.000827762980035341,0.602389479778298,0.0018240241598013471,False,False
2137,2137,0.004521069031087027,0.0077743527718808205,0.5940584276589822,0.003761656886466098,False,False
917,917,0.00029163726226174815,0.000564999604695084,0.5906844234762832,0.0011183715237963851,False,False
456,456,6.600503557968934e-05,0.00013335802968040706,0.5894376438143955,0.00279889939283274,False,False
1304,1304,0.0008868474313740868,0.0016461308169595306,0.5893517616576389,-0.0026111075936697354,False,False
1898,1898,0.00023729921433986165,0.0004636629810142919,0.5879803810690565,0.00030803851049924233,False,False
1354,1354,0.0004207998810266537,0.0008047255456746831,0.587639749946613,0.0003406732130329911,False,False
861,861,0.001765867010555011,0.0031764201741377412,0.5829143684035547,0.003606412168291804,False,False
664,664,0.002935668358605325,0.005177102607451339,0.5814196141121349,0.00810256917694358,False,False
1286,1286,0.0019889757923942657,0.003560482600618927,0.5803562050734163,-0.0037525042677822307,False,False
1751,1751,0.0007394766918277601,0.0013855851144853484,0.5786649055151929,-0.003607677714055967,False,False
434,434,2.0968519139683478e-05,4.398202459829015e-05,0.5735521710081746,-0.007853040214725923,False,False
1645,1645,0.0020035164999865473,0.0035821909469638986,0.5677557771640971,0.0025310984384766706,False,False
2897,2897,3.3377206534153477e-08,7.969714319659495e-08,0.5663563003375203,-0.0005456312576470801,False,False
2253,2253,0.0015018154610136163,0.002726231368983739,0.5647711831030721,0.0007174529011098799,False,False
373,373,7.014263692304696e-05,0.0001411412517882057,0.5627393355585498,-0.004205363674261201,False,False
645,645,0.016737201438878614,0.02695388707031564,0.5623969893122484,-0.01241245338682051,False,False
543,543,0.002554124238681867,0.004525755665915093,0.5613227863467666,-0.0018060523016683512,False,False
2847,2847,0.0012027024202959263,0.002200752640837429,0.5547028701222855,-0.0008729378999276383,False,False
2082,2082,0.004271645000724464,0.007388253124796159,0.5441205975283713,0.0017544404106555579,False,False
2002,2002,0.0024858986130401792,0.004415408188811042,0.5440545874714641,0.0007429791226313022,False,False
644,644,0.0036855246849549985,0.0064382797321638815,0.5440437277075922,-0.0036017660151344225,False,False
181,181,0.0008803880122648204,0.0016361876145284827,0.5348276666914695,0.00037596864628355983,False,False
2080,2080,0.0001083537289362448,0.0002152569394128344,0.5344213649007339,-0.0047182267005886225,False,False
2288,2288,1.5484644975073187e-06,3.4400019675162587e-06,0.532273813172663,-0.002291192857465453,False,False
281,281,0.011411042455894313,0.01882600000505521,0.5316927781843134,-0.00294697764897246,False,False
1487,1487,0.0006629821887387706,0.0012469779063223518,0.5306823670102534,0.0007056889993844848,False,False
1805,1805,0.0181778563374053,0.029163177086172394,0.5266103153110758,-0.01772216172053428,False,False
1344,1344,0.0008103572053497521,0.001512412585819769,0.5258045440931088,0.002093315389526817,False,False
1610,1610,0.0027336250816689276,0.004835160454346471,0.5232820829504944,0.002384626208306916,False,False
1793,1793,0.0018041975746005145,0.0032414397102992296,0.5217204827480095,-0.000993993149967993,False,False
1418,1418,0.003271594274065821,0.00575242405534796,0.5207599996154709,-0.005436903361850888,False,False
2087,2087,0.004997450265422043,0.008539109031532887,0.5174758424278477,0.002659759846076498,False,False
496,496,0.0018726458368163992,0.0033583159176260257,0.5131293403441582,-0.0030591857005413193,False,False
1652,1652,0.011953289170233349,0.019655048341968188,0.5087027457384198,-0.000702650096429369,False,False
502,502,0.005663404788834371,0.009632656397283904,0.5048792905943175,-0.002230534879335611,False,False
2596,2596,0.006198812625259408,0.010501184858316167,0.5042240158685061,0.00011345142009129691,False,False
2878,2878,0.004657349141293555,0.00799480176481161,0.5014914009959348,-0.0004437757133909997,False,False
2646,2646,0.007602999381939527,0.012756191162010468,0.4957082465409135,-0.0020311007397755265,False,False
1110,1110,0.003478618279658468,0.0060875819894023195,0.49544602707882973,-0.00503625399142499,False,False
1410,1410,0.011640576393465987,0.0191514582792722,0.49377825253028046,-0.0012969368444479847,False,False
1868,1868,0.010480986669323162,0.01733012169055774,0.48965333329704697,-0.0001965305899930094,False,False
1706,1706,0.0010587675475299532,0.0019506034022774062,0.48941086160848707,0.007477757321576644,False,False
955,955,0.007120650535619238,0.011980777091676813,0.4881757856683038,0.0037060667381198765,False,False
1771,1771,0.010148173806702222,0.016817297519984477,0.48807345095248617,-0.0007579522299874884,False,False
2346,2346,0.0267993204535584,0.042040371620592674,0.48322143828128433,0.0010348712219534883,False,False
1966,1966,0.0033813245403372105,0.005924304153318087,0.48321285644777734,0.0036599128562452106,False,False
1224,1224,0.00047539673581810973,0.0009056338330604298,0.482990610859489,-0.0028362521003346087,False,False
594,594,0.001206630981962422,0.0022065808715123034,0.4799623131349039,-0.0008534004123275816,False,False
1259,1259,0.019243624927854804,0.030823032264367545,0.47697988640797856,0.0034214432859113225,False,False
1239,1239,0.03051793502017946,0.04742263410465583,0.4765389007215277,-0.009605165189019993,False,False
503,503,0.027357418640828034,0.04282532622678144,0.47518470622152553,0.002089421328481701,False,False
2441,2441,0.004089241628443524,0.007089292729684802,0.4748433459363099,-0.004085115361492146,False,False
2688,2688,0.00805711771800549,0.013502837598554654,0.4720274921325283,-0.002680483524545102,False,False
250,250,0.01456336538643884,0.023684421077781084,0.47131469727169006,-0.00201137764257202,False,False
545,545,0.030316124078432954,0.04715841523311792,0.46936061023836995,-0.005300704095705462,False,False
361,361,0.030302679255597497,0.04715841523311792,0.46846294981532405,0.0001946507043135582,False,False
1648,1648,0.004996100920642037,0.008539109031532887,0.4647777065803466,-0.004774460636665677,False,False
983,983,0.0001648476072948569,0.0003242330672307059,0.4646975861782976,-0.004480018789940256,False,False
1125,1125,0.01001839492425562,0.016611506220776916,0.46285575813309926,-0.005660004069116711,False,False
243,243,0.00012710768464747896,0.0002510017352187076,0.4621540796664947,-0.004330165472214784,False,False
765,765,0.0066830085979799675,0.011282804049376875,0.45974390992670083,0.003100708733144167,False,False
1222,1222,0.00504867333070957,0.008616712159600921,0.4593556821017757,0.0028238010911680834,False,False
2561,2561,0.006901258837052856,0.011624821923026604,0.45553743178418726,-0.001475418321985225,False,False
2736,2736,0.0040110072342122785,0.0069577261666522745,0.45385043548717513,0.0006702563926578945,False,False
2500,2500,0.03974317011714365,0.06048874260558033,0.45148086591346687,-0.01565034943517239,False,False
325,325,0.004449546981865154,0.007669137887442379,0.4512565132018019,0.005371990683825342,False,False
1717,1717,0.01644027430908377,0.026504472650386003,0.45007769977351103,-0.005174817076371201,False,False
2466,2466,0.0004930701203362387,0.00093809751099869,0.44932546243839616,-0.0022339813061707132,False,False
1938,1938,0.009054244355398677,0.015139716758773675,0.4489738271135264,-0.0033241523674824637,False,False
608,608,0.036669921868584004,0.05621711162497795,0.4438162189066811,-0.001175980638820468,False,False
1979,1979,0.009781033500806733,0.016263365507223744,0.44067956186699214,0.0005057760071083985,False,False
2832,2832,0.0014724452500779021,0.0026761895298415272,0.4361718416676369,-0.005134005770136901,False,False
1778,1778,0.010337718003889045,0.017112296171524086,0.435906608142416,-0.003739417886356858,False,False
1058,1058,0.0008079297042206638,0.0015096312361828825,0.4339767118797349,-0.00036346479715691294,False,False
1230,1230,0.00034635340282808885,0.0006662196368073672,0.43263870188770903,0.00040171955467539603,False,False
734,734,0.006540233826921728,0.011054335989922372,0.4324196958378594,-0.000980248786414882,False,False
2792,2792,4.508583676640905e-05,9.222244212453623e-05,0.43124818419837474,0.0005516419889862353,False,False
701,701,0.0140223873960397,0.022842176614404956,0.4274612840590868,0.0014870167957552298,False,False
2830,2830,0.013946581648818583,0.022761980892818265,0.426102454970945,-0.0030253063740225267,False,False
2567,2567,0.015304140245146971,0.02479404380327304,0.42336334976872547,0.004629536227718123,False,False
1306,1306,0.003713344891415809,0.006479629293700612,0.42180979487769854,-0.0031050309098083076,False,False
1802,1802,0.004417714505523605,0.007618696485993062,0.4157682458530691,0.0013437228024098338,False,False
1904,1904,0.008566019875061726,0.014339507608112352,0.4151186219078084,0.002847584940786708,False,False
2316,2316,0.02667384252035748,0.041887811957894705,0.41380306882544,0.0010829047008786795,False,False
1470,1470,0.03604767135700086,0.05532031467816885,0.4137981731457187,0.0009671941632219779,False,False
513,513,0.009564755895465779,0.015930524970674764,0.41084864001122273,0.0021729376513164363,False,False
1408,1408,0.015577069094827783,0.025194954263459867,0.4085474196012324,-0.001876000806996507,False,False
825,825,0.009084855119769879,0.01518234797042624,0.40335162184059437,-0.007195916016628507,False,False
1656,1656,0.002302961603984052,0.004100293965581684,0.4006230572938124,0.0059740205909161,False,False
2943,2943,0.0009358945484046629,0.0017328353210636553,0.3995441100256728,-0.002256497027085573,False,False
364,364,0.002641085446558476,0.0046742645231875705,0.39925729536499754,0.0053930882249804725,False,False
708,708,0.00672668982595393,0.011343645115585946,0.3978048587148466,0.00041826972876375114,False,False
602,602,0.010816487185531541,0.01787490755381827,0.39545745693225626,-0.00204623722544654,False,False
2709,2709,0.030876536332750698,0.047929686106487485,0.3948082288389088,0.0011413020761104533,False,False
2459,2459,0.006772848467179192,0.011414999574439432,0.3947427168535837,-0.0005328298490556932,False,False
75,75,0.047213199922609354,0.07102320191095012,0.39395800334926306,-0.003711148605801628,False,False
1108,1108,0.007529260060727537,0.012646770718867759,0.39279409329256104,-0.0054164181395619,False,False
2710,2710,0.009540116893154274,0.01589840928628966,0.39265759919452303,-0.0007266468187376071,False,False
2147,2147,0.04326025205896336,0.06534169369516706,0.38976201766001833,-0.0022595782378835366,False,False
1736,1736,0.003572108590563027,0.0062438270299122875,0.38635604301100596,-0.0033370039271823637,False,False
1328,1328,0.014104900150072762,0.022963984446196354,0.3820190737039574,0.0028291926227362522,False,False
674,674,0.023601606990621627,0.037439641661231954,0.37781598314940074,-0.004051293710535981,False,False
817,817,0.0020745498217329874,0.0037047315709407384,0.377523021116668,0.00493377508012489,False,False
477,477,0.021994144451973344,0.035020719277605625,0.37708516605190867,0.0034589486591338073,False,False
2379,2379,0.02779410699552361,0.04341732082248109,0.3765440196178363,0.0030997882119687035,False,False
1127,1127,0.0061177062773226055,0.010375629846339138,0.37459088621487907,0.0030244011591295207,False,False
2696,2696,0.004727087894082413,0.008105139728270712,0.37376133763964714,-0.001661631548006283,False,False
1478,1478,0.00816308723800304,0.013672710452817732,0.37339909968512275,-0.0005121405367348767,False,False
2274,2274,0.017506593765463936,0.028147112836347216,0.37253167109127927,-0.004190216533552174,False,False
2383,2383,0.05846509684383422,0.0869796528483709,0.3699462236541116,-0.022156987044206624,False,False
1425,1425,0.012289715500657418,0.02018587471275662,0.3655004956425611,-0.0022890929676561474,False,False
745,745,0.02574558874668695,0.040623555236665006,0.364696282597488,-0.0015919872238496916,False,False
746,746,0.026780452196671443,0.042032988958075536,0.3635181604588367,-0.0019198770283605057,False,False
19,19,0.031991337007960106,0.049453275124805005,0.36283706482214284,-0.0016030122199102764,False,False
1184,1184,0.06927999993493095,0.10164262966232084,0.3624257629381466,-0.004851450882139646,False,False
671,671,0.012017018027381941,0.01974889784344939,0.36029553508212,0.001158857061428982,False,False
2,2,0.012635281859996366,0.020707629243770963,0.3530743245355538,0.0005076138667429714,False,False
700,700,0.03802484270038474,0.058084268211395736,0.3530093134140096,-0.0018953219764295008,False,False
100,100,0.015387659790008907,0.02491575245867236,0.35135788494307546,-0.0017015908255514,False,False
2964,2964,0.00012300972591917141,0.00024323308895942756,0.3502887437091675,0.008658248348146434,False,False
191,191,0.03759337823469783,0.05745476138032088,0.3497545089958285,9.509457461049286e-06,False,False
1814,1814,0.052714665347743904,0.07885943888714915,0.34918028999568196,-0.008444928541440659,False,False
2922,2922,0.021455903353478828,0.03420038730028204,0.348679802342876,-0.003674834509688538,False,False
2783,2783,0.02054639321075621,0.03282114911169238,0.34669436995986985,-0.00011349955526711178,False,False
830,830,0.06522763036082527,0.09641215483612021,0.34587174603766047,0.0013495393194855937,False,False
2674,2674,0.040934128460759486,0.06202511734066778,0.3453421357093887,-0.002759504625216801,False,False
2818,2818,0.007500566640925653,0.01260570882801095,0.34220149065403105,-0.009425486531098785,False,False
1280,1280,0.061223575652513844,0.09090123688677394,0.3390060583754579,-0.008073688952995477,False,False
1314,1314,0.03370353092366482,0.051910783488031756,0.3366992312302784,0.004491120328804524,False,False
1072,1072,0.026245126075792952,0.04130197995384596,0.3362187973591895,0.0012994343560928875,False,False
2392,2392,0.039946283650016456,0.06067582900370975,0.3362046134931439,0.0028030670475443446,False,False
729,729,0.05775583212825854,0.08596755755098864,0.3346028608001163,0.0016691303638002,False,False
1815,1815,0.015603497387336884,0.025223954382143723,0.3343990806733017,0.001773562446206889,False,False
2951,2951,0.07010913616010075,0.1027574894435452,0.3335530857532256,-0.005561004240102098,False,False
1003,1003,0.02941209580608874,0.045848266991844217,0.3328080842858326,0.0020183959853492563,False,False
2118,2118,0.009701679146762099,0.016140461719501068,0.3315628528037062,-0.0017595312459362474,False,False
2497,2497,0.006262574899683955,0.010597105075405917,0.32917904108467516,-3.49235287653855e-05,False,False
2662,2662,0.024335005573639552,0.03852069148936651,0.3284352025155971,-0.006772765693660986,False,False
2967,2967,0.07377460775898706,0.10770439539039528,0.3275760141412842,-0.004957927020078146,False,False
2506,2506,0.08138001371709769,0.11770291946119316,0.324768818589082,-0.017218585392390805,False,False
632,632,0.06570206211737138,0.09701677630067576,0.32357651224848155,-0.0012917059706241305,False,False
1202,1202,0.064240107538957,0.09509458312998721,0.3227073767604186,-0.011682515570206723,False,False
2676,2676,0.028179871845516506,0.04399676993029615,0.3182345870940078,0.00026294754785920454,False,False
1775,1775,0.020206988166839447,0.032296360193419214,0.3170729422873092,-0.0031689335401445784,False,False
1098,1098,0.013271061724279769,0.021725599116195454,0.3134009917660868,-0.005424361607844444,False,False
1144,1144,0.08881468255503484,0.12746710726467284,0.3113391361041698,0.0026997742444819024,False,False
614,614,0.014888915025611313,0.0241609074882528,0.3112427898779998,0.0019443797767225747,False,False
1732,1732,0.016320386061680403,0.02632549229949317,0.3102119506626137,0.0011032488466940918,False,False
2678,2678,0.030056392208092437,0.04680344809738633,0.3068548351468379,0.001165233768356942,False,False
977,977,0.07974701096018831,0.11557086353996039,0.3064356682056611,-0.010776924450069834,False,False
1869,1869,0.025881034431277306,0.04079389813703189,0.30566980057365817,0.0034541104382542,False,False
1972,1972,0.054160515577146684,0.08094079065104298,0.3050659884230451,0.0011696462348612857,False,False
285,285,0.07916538536814793,0.11484010937080306,0.30461566902483317,-0.00038927604077772183,False,False
1598,1598,0.05307892610043996,0.079364359025746,0.3027597150569628,-0.002352087899885986,False,False
669,669,0.03346537326416207,0.05159752096001714,0.3016311766586276,0.0011246610327854674,False,False
1618,1618,0.03304456975525399,0.05097519908190948,0.2988038873521781,-0.002180774028267414,False,False
2102,2102,0.05606653879503237,0.08370497341230186,0.2934874978424418,0.002617579691864838,False,False
12,12,0.03711535961343696,0.056785285606630626,0.29344181696622806,0.004571885047561344,False,False
519,519,0.08682449439187309,0.12485227681932139,0.29339296348037097,-0.003938433549870067,False,False
601,601,0.04410779756049252,0.06655411446850117,0.29092680759338396,-0.00012766809308888485,False,False
1700,1700,0.05502899199478997,0.08219730661325447,0.29088164123753246,-0.004404787481386832,False,False
1158,1158,0.07022664219629896,0.10287891117404506,0.2851636208447784,0.0028164645432139203,False,False
588,588,0.11751818189568305,0.16499241431711792,0.28369844320256,-0.0025186753672527084,False,False
1974,1974,0.027320582825251533,0.042790232097808203,0.2826008383360788,-7.988211859102467e-05,False,False
2111,2111,0.09623984921870478,0.13745903391776507,0.2810798434222096,-0.004371839551734092,False,False
1146,1146,0.05850877247625371,0.0870010203955516,0.28097516863385835,-0.000521406852127522,False,False
1627,1627,0.04216154301884054,0.0637470502699535,0.2796871612539564,0.0016503514349570612,False,False
751,751,0.04490423402182312,0.06768703228886289,0.2771815659998012,0.00035668043717210224,False,False
2218,2218,0.1194220830615578,0.1671909162861809,0.27617482667213233,-0.00034776886804469876,False,False
2699,2699,0.08546956574640814,0.12302311888231783,0.2744719955428071,-0.0020460935919557393,False,False
2213,2213,0.06857118733847643,0.10070226819425931,0.274309280640633,0.0025023358191909807,False,False
2959,2959,0.11679894456593888,0.1640602307012336,0.2720593710193951,0.002269748302753988,False,False
1360,1360,0.07539055279201597,0.10984740338080676,0.2715233795301498,-0.006808183005748496,False,False
1289,1289,0.06959063501387694,0.10204792723378792,0.27121822553980823,0.004215138207778317,False,False
249,249,0.06363369971210565,0.09424392252770938,0.2655439072150722,0.0026876719995849612,False,False
2341,2341,0.047352472027742336,0.07119662460908777,0.2654653213886881,0.002665015783762066,False,False
1915,1915,0.11869039783605576,0.16640203154341687,0.26531299867255387,-0.01308408850233535,False,False
871,871,0.10341414253662361,0.14685797849220042,0.262835836483743,-0.0040758743455974545,False,False
206,206,0.03209810362281102,0.049592489095524786,0.26169758232527257,-5.383094457603202e-05,False,False
2020,2020,0.07124011273118443,0.10431211375735343,0.2598841862537317,-0.00692934013618267,False,False
2343,2343,0.09954059550071889,0.14190033018546286,0.2596672798534033,-0.0033187529240513523,False,False
1982,1982,0.05625346398245784,0.08389963874368586,0.25905457419271655,0.005856923231347237,False,False
625,625,0.04514780402018984,0.06801963570148398,0.25828784866288096,0.008308869488042691,False,False
753,753,0.04110282972367514,0.0622414278672795,0.2582531357115031,0.005758895049940627,False,False
2117,2117,0.15251294615716365,0.20850226816879858,0.2580388957140703,-0.012943941547098067,False,False
633,633,0.10658536648570079,0.15121671497588907,0.2562843125865944,0.008211636652046227,False,False
1204,1204,0.1204727731902981,0.16842354725803335,0.25516728405158984,0.0010723780489116895,False,False
1109,1109,0.07908403837691684,0.11477820337539814,0.2547877612108345,-0.0037063233815538706,False,False
242,242,0.12810234296946954,0.17825023625568945,0.2535784302673167,-0.021427447869128816,False,False
2955,2955,0.09952925038913452,0.14190033018546286,0.2520909698814651,0.0007998258891868279,False,False
597,597,0.0680586562814559,0.09999905536800054,0.25144422398986843,-0.0022002375450360604,False,False
1996,1996,0.10891195240110625,0.1542962647859109,0.2488977618621574,-0.003708825027823339,False,False
1035,1035,0.07355330964384256,0.10743416487348656,0.24628941251652137,-0.002381766427602045,False,False
94,94,0.08106989613877673,0.11737339109262895,0.2459404592140653,0.0013466771225067221,False,False
2489,2489,0.07425466778196034,0.10834621845598111,0.24574260761810307,0.0021936989598547382,False,False
626,626,0.04819351938060474,0.07235122181165143,0.24320596244149126,0.00574669648483665,False,False
1727,1727,0.11909697538608142,0.16689321196689785,0.2422782121085203,0.005423832475574041,False,False
2196,2196,0.10287888296126019,0.1461677954183917,0.24219715554309634,0.0026272872465191834,False,False
2875,2875,0.1551654382436442,0.2116410940749706,0.2420120575355872,-0.00339756737577588,False,False
2000,2000,0.09699037197579992,0.1384643694199972,0.24094944304537888,0.0007724880170941648,False,False
1100,1100,0.06693801605872932,0.09849877623317234,0.23986673272251965,0.0009385560912262655,False,False
296,296,0.16209646345054096,0.22018412060467074,0.23933378918068865,-0.007081336136415177,False,False
1458,1458,0.11089824467806345,0.15673618581166301,0.23921950906051562,0.0037767397951534434,False,False
2713,2713,0.16809679783146747,0.22729444007462205,0.23885728034334064,0.0018378842665480806,False,False
138,138,0.13457823115013912,0.18630046177873735,0.23709680613826548,-0.01926071859050313,False,False
804,804,0.1183524733183576,0.16608517295928385,0.2359548860117172,-0.00024915264828859055,False,False
2501,2501,0.04859400654567816,0.07291557706146247,0.23590923805405775,0.0039152553104710944,False,False
1434,1434,0.13861682100368897,0.19156892823034735,0.23532776639100866,-0.0061432332819423684,False,False
2324,2324,0.11278888011910725,0.15887868827409127,0.23429701115152632,0.0008531862751328468,False,False
1141,1141,0.12084458455955709,0.1687843421048308,0.23314134759155364,-0.005792846780090583,False,False
627,627,0.10100432023787247,0.14373877093842655,0.23174317465883423,0.003209984218055419,False,False
1891,1891,0.15983441390221487,0.21740996354801728,0.23132048530638702,-0.013665021928939812,False,False
1649,1649,0.10373656765197077,0.1472454006652555,0.23073288004332865,-0.0021536751988260505,False,False
419,419,0.03598547390314535,0.055253433287395445,0.22629308795250996,-0.0005025250008698748,False,False
1913,1913,0.11127638817158544,0.1570462767918524,0.22629216069058086,0.0027024459004005483,False,False
631,631,0.1289711082612293,0.1792909832877417,0.2253901983499381,0.0019264129242845917,False,False
2009,2009,0.12476908501452581,0.17402003962552284,0.22180379328408623,0.0009578047485901299,False,False
654,654,0.18124990895789578,0.2430861860763826,0.22156937265933369,-0.01183348955551054,False,False
2198,2198,0.11417568590638888,0.16052744470400862,0.21997014344221352,-0.0011651090751333493,False,False
291,291,0.13182177897153838,0.18291119214003082,0.21754432193757672,-0.0031482061198593956,False,False
551,551,0.11387880184650537,0.1601859165310085,0.21717555586424728,0.004164456147598281,False,False
498,498,0.08196904345775298,0.118444070585497,0.21587501062998898,0.00012360485537227814,False,False
2358,2358,0.1927494221503351,0.2564232563613602,0.21556972026277973,-0.0028197934721298484,False,False
2067,2067,0.18623765624541555,0.24876389007038405,0.21523107670302002,0.0006281713448962435,False,False
1720,1720,0.1688478573989751,0.22820602949005378,0.2150948398861571,-0.02143147331020846,False,False
1807,1807,0.09344129305876366,0.13378377124863025,0.21505270077765956,0.003494848440583764,False,False
2021,2021,0.02232181965414124,0.035485356579266845,0.2142771686947986,-0.0013074635123856285,False,False
197,197,0.10967418258483543,0.15530199137012957,0.2123679877760043,-0.0052258174620799245,False,False
2205,2205,0.11997351932236915,0.16788373660951986,0.2121113476729651,-0.0022643739522976393,False,False
8,8,0.11191895348992402,0.15787806747057723,0.21142031365601519,-0.004390414369952083,False,False
2711,2711,0.1186273389705046,0.1663922221476643,0.21067698381296202,-0.002350393259475876,False,False
2310,2310,0.1127033410987755,0.15883357852856872,0.21051057514668595,-0.0024718370066571984,False,False
2919,2919,0.16600569152655573,0.22467163358450407,0.21032627621188885,0.0008573183295015022,False,False
276,276,0.1393459802186009,0.19245177724002208,0.20962352356751154,-0.007463643266535724,False,False
1682,1682,0.1491317205494863,0.2044447790258085,0.20929366789713258,-0.0014966387556577792,False,False
2695,2695,0.1804001815771756,0.2421654178747432,0.20880347266699278,-0.00969011994975956,False,False
229,229,0.12280350840383765,0.17135910340507293,0.2071123222499744,0.0030359073658264833,False,False
1693,1693,0.21981855497130365,0.28848412698860887,0.2051092453539295,-0.0025935346278821787,False,False
2229,2229,0.12597441011265725,0.17561862339801163,0.20501231196824055,0.005933200918548966,False,False
965,965,0.11068614415934709,0.15658554617013448,0.2047258426164815,-0.0051427877979935595,False,False
2576,2576,0.12232464344464097,0.17077118614472925,0.20259605338759415,-0.0002205078061633558,False,False
1637,1637,0.1854120124680456,0.24810768846039646,0.20202634145817733,-0.0028322570443730308,False,False
1545,1545,0.23964434640986473,0.31113929140178415,0.19971437364407435,-0.004288767708696345,False,False
1512,1512,0.19103646412977882,0.25460090953622966,0.19896723944065398,-3.7321281838126504e-05,False,False
663,663,0.1286159773978149,0.17888107821776694,0.19778169232054568,0.0014896254029183411,False,False
1454,1454,0.1535510317535687,0.20972823849267924,0.19753321140028993,-0.0015929461120815244,False,False
491,491,0.102624770662078,0.14587658971506104,0.19612973198822517,0.0008291868126913656,False,False
2933,2933,0.20735504346721406,0.27364596221017845,0.19375826107409236,-0.018385461723134388,False,False
1835,1835,0.1017868144426816,0.14475479888159032,0.19303601657275785,-0.003028702000713108,False,False
1905,1905,0.05982942765743905,0.08887574639002957,0.19267838335293924,-0.004161671305650739,False,False
265,265,0.20882913417749416,0.2753464550150167,0.1922489289016866,0.0022865515022639686,False,False
1319,1319,0.19224690650549484,0.25598421646850994,0.19223798012335677,-0.002571596400240947,False,False
2330,2330,0.12615875623186357,0.17579304624233383,0.1913175645817222,-0.006229322277420623,False,False
2483,2483,0.2414102402925023,0.3131071449786877,0.1889292920626844,-0.0005868170523017979,False,False
2963,2963,0.2273088691837148,0.29655064779660023,0.18807942417392776,-0.005371185315462844,False,False
1007,1007,0.21750453234561923,0.2860227966334949,0.1875751303972606,0.0019357244564404096,False,False
1508,1508,0.14543807099164172,0.20002789374568702,0.18734657082872175,0.0021109211467685465,False,False
1027,1027,0.1591960258911829,0.2167089221057786,0.18631753447101912,0.003201628622060862,False,False
1191,1191,0.17074773859589848,0.2305638253651623,0.186258311640568,0.0031672450407686857,False,False
2004,2004,0.16375593521938245,0.22221684046894136,0.18558525820822364,0.001499430699099745,False,False
1429,1429,0.24147650096233697,0.3131071449786877,0.18442214995345052,-0.0048961155807724106,False,False
1902,1902,0.19662281504741316,0.2606415877895142,0.18396163483082553,-0.01501946047661552,False,False
2189,2189,0.17968960238495923,0.2415392843652894,0.18251069866212266,-0.000514222080578513,False,False
2283,2283,0.18078261004212348,0.24256907170208974,0.1804649954293867,0.003603076799289122,False,False
2328,2328,0.25000073267440226,0.3233124943693359,0.17934755259926105,-0.019658892618376406,False,False
2349,2349,0.2002387848235346,0.26460761948185696,0.17842088589135197,-0.0025105578902561705,False,False
2715,2715,0.2201165003732239,0.2886901339406666,0.1783032725996076,-0.005782293297611778,False,False
811,811,0.19407336074570394,0.25758892575214754,0.17786236014014484,0.0053941171861217,False,False
165,165,0.1638175360330336,0.22221684046894136,0.17746735965858293,-0.0016668011328937464,False,False
539,539,0.23758365303731968,0.30859881059727123,0.17440320993346156,-0.006209043062583797,False,False
220,220,0.1991374809282279,0.26362178563558447,0.17379833586555776,-0.002965806865895877,False,False
1929,1929,0.23704982826116858,0.3080402321712558,0.17242106419937606,-0.013086675713128855,False,False
1225,1225,0.16778006676101836,0.226969570714085,0.1722973549288273,-0.0016604808690963528,False,False
2386,2386,0.22831453131526327,0.2976010228123414,0.1716985274618965,0.005239975410404921,False,False
1046,1046,0.17283680076782895,0.2332785923960511,0.17128267702307412,0.0013868955543787811,False,False
2912,2912,0.19287109614661038,0.2564701672773923,0.1710332926900459,-0.0012247567762156955,False,False
2304,2304,0.2326099656289151,0.30266829372495396,0.17047600625522621,-0.0016921562527992455,False,False
1794,1794,0.22583501277773566,0.2951467714329896,0.16999863196221426,-0.0003817057866926802,False,False
1985,1985,0.21877429252275254,0.2873106638086414,0.1697993875419126,-0.0026082865067932406,False,False
1052,1052,0.26297768843219155,0.33788648453105824,0.1685851006764596,0.0024851323727481146,False,False
1325,1325,0.2598691876718704,0.3346168108503737,0.1680210271411477,-0.002114494416965289,False,False
2064,2064,0.2457747486841165,0.3182632871267268,0.16296448930891327,0.0093364322159743,False,False
960,960,0.11918946969774316,0.1669440047488918,0.16242537542761507,-0.0006558097871893643,False,False
1984,1984,0.22273699941662045,0.29183929125370955,0.1605278639683565,0.006984211034631185,False,False
628,628,0.2658846118516653,0.3413259204047329,0.16052748401938002,0.0001114095745553648,False,False
1956,1956,0.3040815722350228,0.38339596703209333,0.15852329834749007,0.004066839486161865,False,False
962,962,0.30624568597514196,0.38563309120671246,0.15684407821916443,-0.0034897993236873387,False,False
2911,2911,0.18165855987608423,0.24352421215547335,0.15579145880344414,0.00034208864269315975,False,False
1978,1978,0.2929352066109652,0.371076266846498,0.1548465669101159,-0.005899217080214951,False,False
2950,2950,0.13499351158146747,0.18678822488288832,0.15480589771583744,-0.00582914375657527,False,False
858,858,0.2748694526261471,0.3520986341797171,0.15409766308247597,-0.004304133907935765,False,False
2101,2101,0.20416503097297026,0.26967592876180496,0.153476252815511,-0.003504925731467949,False,False
2526,2526,0.2862608819212317,0.3644883301339407,0.1530292914037499,0.004376744489219339,False,False
2470,2470,0.27693093481548503,0.35443338272201796,0.15160883899196065,-0.008079644576680312,False,False
2414,2414,0.2863934528183172,0.3645007581324037,0.1506377520541048,-0.0033828868618539926,False,False
653,653,0.3224793604350671,0.40374202102423307,0.15043350418150636,-0.010700564192716755,False,False
2168,2168,0.28084048890192986,0.35866375691089836,0.14992512145013423,-0.0028241480599117096,False,False
2560,2560,0.3463415157734592,0.4295618967052348,0.14954375605208692,-0.0005219092093517479,False,False
1531,1531,0.3004739137321841,0.3796537147539899,0.14894249448060426,0.0005998583164639284,False,False
1936,1936,0.3379249884619068,0.42105850787361015,0.14842014090906033,0.0021125057697643852,False,False
2952,2952,0.3026905571540824,0.3821291253225506,0.14771775502944265,-0.003972216076255942,False,False
2065,2065,0.3291296083952763,0.4106165101795628,0.14733792529874706,-0.012592120704800324,False,False
2123,2123,0.2900327158010788,0.3683427901145066,0.1471793270633262,-0.0017005755572476846,False,False
476,476,0.24930707610774447,0.32269664277705434,0.14691349201870685,0.0006492716196776628,False,False
410,410,0.2338696746616209,0.3041740553881204,0.14669550216126834,0.0009956952816029623,False,False
2488,2488,0.27642371350501843,0.353936834203147,0.1466723416909923,-0.0024277730105196397,False,False
756,756,0.25795135953748655,0.3322915082930816,0.1458683795659196,-0.0006598046176338993,False,False
1646,1646,0.2641910665023345,0.3392986089913149,0.14540661269847346,-0.000358043996384859,False,False
16,16,0.3471089815877155,0.4303339420853549,0.14475417728194345,-0.0003184780764387043,False,False
6,6,0.3252371661238175,0.40631070491351534,0.1441698624467214,-0.003786187352460786,False,False
2589,2589,0.2928776242637438,0.371076266846498,0.1437101979160254,-0.00042810011622058117,False,False
1317,1317,0.2868495314585662,0.36492473612045623,0.14293445866460988,-0.0003817664820627329,False,False
1186,1186,0.2790744343786826,0.35671529768989235,0.14290986783276544,-0.024274955988184,False,False
2153,2153,0.32253110911336136,0.40374202102423307,0.14219619559168487,-0.006645629389045646,False,False
1181,1181,0.2814396100646111,0.3591149075403948,0.1421883092466127,-0.022453454077720134,False,False
2342,2342,0.27937189568892673,0.35694179354487066,0.14043185110515805,-0.0035469623494781407,False,False
1431,1431,0.31561920506964913,0.3962596449436204,0.14037390109747994,0.0011697855324383198,False,False
2404,2404,0.29200626265892077,0.37069058493228263,0.13871306522592913,-0.002123991207548784,False,False
2608,2608,0.2523174999672395,0.32602452760242356,0.13849658441548088,-0.0018411345300504592,False,False
1617,1617,0.31431660474500633,0.3947912327055348,0.1384104200576998,5.076383599517364e-05,False,False
710,710,0.34080843545154094,0.4239651404918812,0.1377306096302247,0.007143819363395515,False,False
2663,2663,0.3169928285394408,0.3977100612675998,0.137056295887517,0.004224059900728919,False,False
1217,1217,0.30385120528235143,0.38339596703209333,0.13572953707105032,-0.0037765235895728163,False,False
1721,1721,0.27740337594544534,0.35488500853710425,0.1354573154070237,-0.004933391016863838,False,False
1066,1066,0.2576812867588474,0.3320877373427091,0.1342443466273558,0.0036275122527609526,False,False
2126,2126,0.27444927843305106,0.3517122013770706,0.1341528968681812,0.0038306151045764225,False,False
357,357,0.29376410624689575,0.37180889865278743,0.13271286434075988,8.075202698459806e-05,False,False
445,445,0.32459092241073606,0.4058070167291763,0.13006132614584157,-0.017454842647820594,False,False
2729,2729,0.27827138765779075,0.3558420846912206,0.12939146514145383,-0.0015606012887940622,False,False
1214,1214,0.3396698455150443,0.42305501531206524,0.12613501865845098,-0.020810612078174744,False,False
2774,2774,0.3843977306650329,0.4722237022408186,0.1254280597870191,-0.009282811852228066,False,False
1491,1491,0.3435668085402088,0.42701268331128134,0.12514349836779307,-0.021988337717320217,False,False
488,488,0.31426682275913376,0.3947912327055348,0.12504190902209708,-0.003797354359910751,False,False
939,939,0.3171764538478466,0.3977100612675998,0.12458404619441589,-0.003999772419903352,False,False
984,984,0.27290716015145905,0.3500382244293563,0.12441095035897308,-0.00832123079097441,False,False
2211,2211,0.31887712628996057,0.39967369545126813,0.1233289567809493,0.0029420568110852885,False,False
2303,2303,0.3201046516309895,0.4010428898441438,0.121768696917864,-0.005120043593221649,False,False
1798,1798,0.35975635335065514,0.4447133930632005,0.12101610554033897,-0.020440202356185266,False,False
328,328,0.34620684150307834,0.4295618967052348,0.1208881833666513,0.0023224333335185587,False,False
2027,2027,0.3653175185188575,0.450836754662773,0.12083074116126313,-0.006851271831863362,False,False
2273,2273,0.30506630744440794,0.38431103586375326,0.12075088679487717,-0.021738152744057937,False,False
52,52,0.288768523252451,0.367051382018533,0.11969538627086938,-5.8585665925350774e-05,False,False
728,728,0.3666320016314367,0.4520829999344014,0.11931047834932275,-0.020995272288039733,False,False
2918,2918,0.37390243527366895,0.46028304765335937,0.11911649804252301,-0.014334053407312966,False,False
1801,1801,0.3460104426651933,0.429510244178291,0.11905722889936099,0.00021741780224193656,False,False
95,95,0.3929082110834955,0.48227939226460487,0.11875988445812764,-0.00031994371582951014,False,False
1758,1758,0.41457580949434103,0.506154258568163,0.11837132879127427,-0.005016652181649289,False,False
982,982,0.29271811206795617,0.371076266846498,0.11807183376913406,-0.0030943069192000214,False,False
67,67,0.36028407343484514,0.44499506032235553,0.11559546179357735,-0.001168981357033258,False,False
1187,1187,0.3659599108882554,0.4514418185853458,0.11555731624315815,0.0013626906262313076,False,False
42,42,0.43870270469631856,0.5311281051047753,0.1147899298229601,-0.004389523503281295,False,False
43,43,0.37789182938442034,0.4648085162092663,0.11451258361338355,-0.006683045550389741,False,False
520,520,0.354973770378773,0.43916721570829437,0.11435518539362716,0.0022017066953011243,False,False
2708,2708,0.29283982415517046,0.371076266846498,0.1141134437915744,0.0036119886778110464,False,False
1350,1350,0.3483937313172646,0.43174638603325316,0.11338219480600938,0.00018327382787150886,False,False
2327,2327,0.3509975596710424,0.43442900629843784,0.11271199747812716,-0.002686234404770867,False,False
1722,1722,0.3098094300299315,0.38995521133538447,0.11247442561559878,-0.0015823153396624403,False,False
752,752,0.3988855687079983,0.48860601235053197,0.11192079263644727,-0.0014997688358157056,False,False
2773,2773,0.40673601732714604,0.4974011122484423,0.10965579691205399,-0.016347264319789258,False,False
815,815,0.3171658215054942,0.3977100612675998,0.10942570965387428,-0.004163474818945706,False,False
1185,1185,0.4090294746998593,0.4999997862064178,0.10832541495522037,0.0012589497599777332,False,False
1240,1240,0.46469751943553705,0.5581635927497669,0.10767931350520597,0.0019526702884581028,False,False
1351,1351,0.42177603608345315,0.5136359031740572,0.10676343031104814,-0.009270702438815845,False,False
1731,1731,0.3967711781071144,0.48634141145789267,0.1067124616401276,0.006892381095339335,False,False
269,269,0.46587451106503897,0.5593509501784125,0.10349722532417507,-0.0007629706375489931,False,False
2886,2886,0.45753220822010765,0.5506713682065205,0.10295915727878206,9.295267176406981e-05,False,False
78,78,0.3680686137768753,0.45366596581800905,0.10265458305807995,0.002676690428639644,False,False
1644,1644,0.3814445806035903,0.4687898613794849,0.10145045223842544,0.005485217568832641,False,False
849,849,0.3408291190072873,0.4239651404918812,0.10097679623047937,-0.0016894890566592677,False,False
2800,2800,0.40960437839534203,0.5004964162525216,0.10019091243796416,0.0036242851949401223,False,False
1171,1171,0.4365921480874172,0.5291161680373435,0.10009362232263613,0.0007199007906255198,False,False
1333,1333,0.49848572747766895,0.5910929441285343,0.09928687690020982,0.006432488765162405,False,False
2797,2797,0.43239071830117615,0.5248816572261312,0.09904074688537932,0.0035216023490529475,False,False
2661,2661,0.45107228515616504,0.5435576704602102,0.09892962534562523,0.000324153150580208,False,False
2428,2428,0.4293371630199271,0.5220289634752738,0.09875789454374624,-0.0042822412990783714,False,False
940,940,0.35997975236156554,0.4448042901786538,0.09796451506206305,0.001827124505165739,False,False
22,22,0.41491276353411277,0.5063573528656442,0.09688333806572724,-0.0059774762862410645,False,False
2841,2841,0.40573562567537336,0.4963822493835566,0.09610678601153942,-0.02439449864180359,False,False
2439,2439,0.4717509657350688,0.565263167663175,0.09609594707369168,-0.0008006836034712729,False,False
467,467,0.5124160390516936,0.6027946111396856,0.09575817549872243,-0.0018713751530395994,False,False
705,705,0.39508172109357254,0.4845465075230262,0.09496838147321937,0.0003983250021542347,False,False
2575,2575,0.4545274478863963,0.5472768622015515,0.09413719534687051,0.0025599921934273484,False,False
329,329,0.4595188038660948,0.5523903644692464,0.09235071338452705,0.0011775081399439898,False,False
2247,2247,0.4469475973385627,0.5392440930491277,0.09216273475159183,-0.017518765747365425,False,False
1737,1737,0.4977916739197301,0.5906744268676748,0.0912834985617873,0.00024586958983111837,False,False
2752,2752,0.4339607187717469,0.5263569322903738,0.09102373933781908,-0.021555030569322065,False,False
532,532,0.4387891218722739,0.5311281051047753,0.09088877561665087,-0.0013997858088166477,False,False
2885,2885,0.5036806601037398,0.5950049006510175,0.09067458281367596,-0.0010130120725693726,False,False
2355,2355,0.42961381762254913,0.5221514376346134,0.09064108465772162,-0.0038703382580403695,False,False
464,464,0.4826809787709031,0.5758027110096626,0.0904507871981564,-0.015975200138056263,False,False
521,521,0.4802825170304301,0.5736332034391616,0.09016532387772418,0.0033159567521494748,False,False
2237,2237,0.4349817250136866,0.5273798038564631,0.08999514334975565,-0.019282622276749782,False,False
2632,2632,0.484937792099675,0.5777982203740809,0.08896526017903969,-0.005402393741158507,False,False
1257,1257,0.5178739548497794,0.6077698291791797,0.08870738697382996,0.0023259144661506173,False,False
1910,1910,0.4426156447446403,0.5346696107456623,0.08823907418468716,-0.005028910391727328,False,False
1211,1211,0.4807747891078876,0.5739901746066816,0.08792919764144688,0.0009399447976335359,False,False
827,827,0.5404304943455787,0.6305022434031752,0.08766779047828001,-0.001365958509338917,False,False
2183,2183,0.46883008332931253,0.5619901806629238,0.08709616986054705,0.0012356113439111452,False,False
622,622,0.5384787092046046,0.6287194370256752,0.08535638395911765,0.0037923015286083863,False,False
1845,1845,0.48842806084400003,0.5809283457409106,0.08482888428121053,-0.0003147572534706645,False,False
783,783,0.541969614795198,0.6318011848830116,0.08332628479291135,-0.0008587177976854146,False,False
1916,1916,0.44200469129724995,0.5343665677271845,0.08332449728182431,-0.002444234008466381,False,False
215,215,0.46254683585433864,0.5558052667269947,0.08313851383238609,-0.000824651094403538,False,False
810,810,0.5097273110460335,0.6003454996764395,0.08254751392739486,0.00399566835482112,False,False
101,101,0.4682588998490933,0.5615322887887308,0.08241856489635625,-0.001974452924882945,False,False
2607,2607,0.4506124667379643,0.5432241272454419,0.08235337087529368,-0.0009050386325603359,False,False
2293,2293,0.5153720733437595,0.6053123520713408,0.08205994714304218,-0.010509825740927986,False,False
1162,1162,0.4885435144775313,0.5809283457409106,0.08199180674342094,-0.0006172626327220088,False,False
987,987,0.5327240548645559,0.6226195441338045,0.08078012665797188,0.0015456378328316327,False,False
1921,1921,0.48725672394898534,0.579862853520685,0.0804818912533938,0.00013647307233079933,False,False
2592,2592,0.5449050900260026,0.6342267871361474,0.08009404478404152,0.0009449858797493527,False,False
166,166,0.4776334360586112,0.5709287306572526,0.08008772803258617,-0.005651804674833717,False,False
1055,1055,0.47982925144193367,0.5733225516423749,0.07980870952686249,-0.0012516175154586486,False,False
1947,1947,0.5060495301644756,0.5969614489380619,0.07846729657928929,-0.0009533030047990657,False,False
2359,2359,0.5029709731740121,0.5947481467651267,0.07797162393685204,-0.013700847331170558,False,False
443,443,0.502657334525368,0.5946141765130698,0.07762256163367293,0.005674885369409235,False,False
2619,2619,0.5503699522103244,0.6390837316745864,0.07755783905333397,-0.006045670080023354,False,False
1466,1466,0.5257024227027396,0.6154969588093614,0.07753959142535453,-0.00964730175662101,False,False
2322,2322,0.4993132348954552,0.5916014695288268,0.07717206819540047,-0.0014504578699333815,False,False
484,484,0.5647648818377826,0.6522265250173302,0.07613577900684348,-0.01283167966688391,False,False
1028,1028,0.5017048830021802,0.5937241199164557,0.0758963957840714,0.0014039348338225146,False,False
2338,2338,0.5499867206630513,0.6388886837291337,0.07541180460189188,0.013216020815869376,False,False
255,255,0.5182859633344463,0.6078830484601184,0.07488059688397915,-0.0035585407469743277,False,False
479,479,0.531348488205744,0.621616993691229,0.07451139900655268,-0.0007657284391709857,False,False
1179,1179,0.5064360272450923,0.5969876328498924,0.07415303402070887,-0.01516496462960053,False,False
2574,2574,0.5779638467165269,0.6653982533183289,0.07344296904854943,0.002755499212679742,False,False
2240,2240,0.5609140602145284,0.6487891390166486,0.07171506439388502,-0.015423780900866057,False,False
1428,1428,0.5745122438954445,0.6621950834491959,0.07076102086954893,0.002299515257577522,False,False
2755,2755,0.5754345569921346,0.6630006852300682,0.0707303374179362,-0.0034312822177208486,False,False
2083,2083,0.5428752121029516,0.6324531411431855,0.07056347326635826,-0.0037526682435752505,False,False
1561,1561,0.5452646535487937,0.6343965079313288,0.07043421251676495,0.0017465178796021155,False,False
2051,2051,0.5550519715986575,0.6432202769467876,0.06976718502732127,0.0015995211479805573,False,False
112,112,0.4949496574886215,0.5880746931249914,0.06968825154069573,-0.01903606623430059,False,False
1399,1399,0.5553053264173158,0.6432202769467876,0.06741770769629404,-0.005187888636777698,False,False
1503,1503,0.5568542482132959,0.644595713220383,0.06614916366352996,-0.007084920860651639,False,False
11,11,0.5991004507590261,0.6854060681770348,0.06594792716683974,-0.011407520745473503,False,False
2564,2564,0.5974125056585595,0.6838103805609737,0.0649845502246582,0.009330315786162014,False,False
2816,2816,0.5591881728751051,0.6470450281065544,0.06479403442774323,-0.004144810464647835,False,False
50,50,0.6144326086417213,0.6995151447827499,0.06388667008516456,0.006518934516863263,False,False
1106,1106,0.6369466204473178,0.7212733954550321,0.06383202159014206,0.0030187209869533163,False,False
2131,2131,0.592016751898027,0.6786315272384901,0.06283227132501389,-0.006896460529737074,False,False
2941,2941,0.6005422008588165,0.6865983251729458,0.06237489152673101,0.004880099674296304,False,False
2468,2468,0.5510513252881153,0.6394362604972386,0.06222259417131969,0.0036197643403766086,False,False
2917,2917,0.5854886081766384,0.6724962031997921,0.062190313833921415,0.0025517745581565172,False,False
1,1,0.5783405054399582,0.6655737185520729,0.060575858273886604,-0.0059444611948547945,False,False
1579,1579,0.6455307169542908,0.7269007542956099,0.06022970691143479,-0.0005840358051520875,False,False
2654,2654,0.6032004585707433,0.6890229938514818,0.05921035028820463,0.0034439226510009106,False,False
1876,1876,0.6393190516361513,0.7231322199908907,0.058835761997516986,0.000829728908033255,False,False
141,141,0.64191973783436,0.7244174075636427,0.0586333773822708,-0.0008847067595893469,False,False
204,204,0.606624157664944,0.6922185697614587,0.05859660534173319,0.009161384194907815,False,False
1077,1077,0.6417244690355826,0.7244174075636427,0.05801438898036973,-0.005477237077220439,False,False
1570,1570,0.6266884506477378,0.7121023436150405,0.05796930013427736,-0.0017134602691113317,False,False
274,274,0.6263513252257387,0.7119918549482926,0.057533626259641805,-0.0038454285814696174,False,False
1004,1004,0.6120380944749035,0.6974750612206049,0.05557436715041023,0.0012282475278496327,False,False
2092,2092,0.5554493159752751,0.6432202769467876,0.05515136691916736,-0.025018536216640245,False,False
1329,1329,0.6560020227009637,0.7355549691637554,0.05401644668805138,-0.012103980084705758,False,False
2374,2374,0.6402676912637006,0.7236536586712351,0.05384955499237701,-0.001904637418030865,False,False
2250,2250,0.6320323375911117,0.7168024371304622,0.05374690419125773,-0.005779462342142937,False,False
1568,1568,0.6057163748168688,0.6914485386371025,0.0537400537729341,0.002429547908544999,False,False
1893,1893,0.6326021065445511,0.7171745806815232,0.05332143053374605,0.004101117564590551,False,False
2127,2127,0.655086495320199,0.7348060159147206,0.05324408100061689,-0.003473492183375387,False,False
851,851,0.5728235575872289,0.6607618806525051,0.05276357323073272,-0.026827839925541424,False,False
1193,1193,0.6509172834430945,0.7306123975375052,0.05234574400470852,0.00039093563381305187,False,False
1242,1242,0.6291045703288509,0.7140276729392082,0.052311426716298126,0.00026272280557616216,False,False
151,151,0.6359075748997272,0.7203716344665612,0.05228499858615269,-0.0034446479585762187,False,False
1940,1940,0.6717750361080495,0.7489963588161874,0.05214410179943333,0.0006771016618879612,False,False
305,305,0.7090528010489074,0.7788559265407689,0.05159286020209267,0.001021673415382369,False,False
1084,1084,0.6456921182323512,0.7269007542956099,0.051568571935429394,-0.014816330439480822,False,False
2046,2046,0.6987664325905538,0.7712676727143041,0.05129901465887668,-0.00962176686083982,False,False
217,217,0.5859208967877962,0.6727323874917521,0.05095288479425622,-0.021454330066631187,False,False
1900,1900,0.6330756208338404,0.7174373587761887,0.05094377521418218,-0.00024413907132300166,False,False
2226,2226,0.6785991781021936,0.7547734334950221,0.04953098027113945,0.0013013444036842135,False,False
2209,2209,0.645834666131241,0.7269007542956099,0.048824310612720086,-0.016231361044886063,False,False
777,777,0.6432572506099122,0.7256509007260431,0.048801158833950094,0.0005325705325120023,False,False
180,180,0.6789909256845381,0.7547734334950221,0.048676172751772905,0.0027076573496992314,False,False
2171,2171,0.714354124656762,0.7835192320699443,0.048549132744954045,-0.0005015423244542819,False,False
2884,2884,0.6617864188515099,0.7403626427256997,0.04819551987152707,-0.0019449884476566517,False,False
1572,1572,0.6649457730395472,0.7431355135279666,0.04810000970945475,-0.012408923153952237,False,False
2938,2938,0.6709880212057284,0.7486813710295496,0.04769876746691952,0.0018622850971800884,False,False
2590,2590,0.6925773818448451,0.7658605325318555,0.04735609169917176,-0.0024133863244818823,False,False
2348,2348,0.6568199786888771,0.7361668518255524,0.04709474021202906,-0.0025071445152379055,False,False
143,143,0.7043646902567697,0.7757159186204424,0.046947820001686125,0.00471372128353754,False,False
1551,1551,0.6816569518600877,0.7568865817885299,0.04641525825630146,0.010569649735819059,False,False
1166,1166,0.6826665899280984,0.7577241731139103,0.04621898171238982,-0.010000766902073837,False,False
154,154,0.6843607707764929,0.7590369086938084,0.04592168786663848,0.003610384898656178,False,False
435,435,0.6868566345746621,0.7612361805144126,0.04516630949682006,-0.00904242339018009,False,False
2421,2421,0.6765354011276257,0.7537376390941415,0.044835277827885114,0.003742204785294671,False,False
136,136,0.7204734618318027,0.7879017077069972,0.04467731377848931,-0.004556583914893102,False,False
997,997,0.705825735565976,0.7767485291656718,0.04443627849776292,0.0006217756192995777,False,False
2069,2069,0.7052189045412042,0.7763685863050053,0.044269608750402124,-0.005382907786912998,False,False
1726,1726,0.638041899397968,0.722238122583207,0.04403296666907997,-0.02346462134621241,False,False
2606,2606,0.7008100664186183,0.7732357907548175,0.043944773159548846,-0.003926830255972122,False,False
1507,1507,0.7189989247680328,0.7868625190690005,0.04394269059912401,-0.00029471167776306596,False,False
1752,1752,0.693328343162453,0.7663369379867897,0.043820132764179405,-0.011476083121952502,False,False
1713,1713,0.7236600065156027,0.7899311876933832,0.04307415835196559,0.002464215980329946,False,False
1928,1928,0.6508519342341554,0.7306123975375052,0.04235539414798574,-0.020968440636641793,False,False
1949,1949,0.7432855397626618,0.8051355773779489,0.04203716191834728,0.0018583406984927552,False,False
1002,1002,0.6938132422672354,0.7663369379867897,0.04166084641127148,-0.0015715964009917526,False,False
195,195,0.6578205256741687,0.736758988755069,0.04147498808592982,-0.026044197956018686,False,False
268,268,0.6586263899870346,0.7373832989368234,0.041347143170073604,-0.0202398485673078,False,False
2203,2203,0.6591673021605979,0.7377106156910462,0.04129069994203634,-0.023384248645302693,False,False
426,426,0.7255040088656892,0.79107123376685,0.04118750766428973,0.0035735848137897234,False,False
2703,2703,0.703179664490637,0.775273864861891,0.041138294425661005,0.00031920626486455227,False,False
2582,2582,0.7112904114880834,0.7807359250357365,0.04070411750548554,-0.012261178338883098,False,False
629,629,0.6638824241515777,0.7424276695108827,0.040677202220625513,-0.02186910803769527,False,False
1986,1986,0.741349000593861,0.803918097830683,0.0403455654213282,-0.0014283968555115754,False,False
1505,1505,0.7439946452377816,0.8056096705821729,0.03990651437174777,-0.003251511392445859,False,False
1263,1263,0.6717130898421366,0.7489963588161874,0.03966066382872493,-0.018768207553916505,False,False
535,535,0.759844034777931,0.8209745523192208,0.03931722119302419,0.0024326385665120894,False,False
1920,1920,0.7085601835897971,0.7786029710827538,0.03906616414396937,0.0042666227355130934,False,False
2251,2251,0.6783737721418988,0.7547734334950221,0.03882194877974418,-0.02155659103881823,False,False
1421,1421,0.6789654464062331,0.7547734334950221,0.03873886705142562,-0.019871179362018637,False,False
1437,1437,0.737322748552103,0.8004293773601469,0.03857829706178491,0.006290644570740543,False,False
1460,1460,0.6815857392943403,0.7568865817885299,0.03840874635309446,-0.020577106273653625,False,False
863,863,0.7429015744854852,0.8050134622391092,0.038104971918899576,-0.009143972439394849,False,False
231,231,0.7218737827623538,0.7887689925248534,0.03777679946153522,-0.0022510708894650615,False,False
1404,1404,0.6939709390787352,0.7663369379867897,0.03766744939871905,-0.005559663236522348,False,False
2540,2540,0.6882139523034836,0.762455770973027,0.037573139756166614,-0.022575166194201444,False,False
2233,2233,0.6903584968930764,0.7642328995395486,0.037305364448291294,-0.02356557317858813,False,False
2271,2271,0.6904193602797587,0.7642328995395486,0.03729846263671458,-0.02381618185441177,False,False
2313,2313,0.7266514853373731,0.7916936726281365,0.037034447098001584,-0.006018068174017461,False,False
1085,1085,0.7029496206183196,0.775273864861891,0.03571254427214467,-0.022707937118692244,False,False
2084,2084,0.7711097000812278,0.8316328451457429,0.03521114648849393,0.002541521679392056,False,False
2268,2268,0.7650659922584162,0.825714860008356,0.03471782332389157,0.00255258116557826,False,False
2718,2718,0.7140890427391877,0.7835180328465468,0.03430837562784994,-0.0215238329502895,False,False
2114,2114,0.7153216416822918,0.7841005312579945,0.034151781729299585,-0.020421676798912193,False,False
2334,2334,0.718649237470389,0.7867764429406545,0.03374056936361673,-0.0225994239346541,False,False
2098,2098,0.7244844677822072,0.7904115288226155,0.03301350657685324,-0.022205543382103794,False,False
2669,2669,0.7727182829056994,0.8330649704555452,0.03300287363189738,-0.0014099000556070792,False,False
1937,1937,0.7284133308972844,0.7930780506614601,0.03252973945021715,-0.02356030584506128,False,False
1298,1298,0.6774687263396117,0.7542112452272947,0.03247801373652437,-0.021923105494971257,False,False
860,860,0.7929588222162117,0.848720441520994,0.031941378404025104,-0.0031881829619579936,False,False
2947,2947,0.7795826407013078,0.8374235532397689,0.031210989583642115,0.007919880101474347,False,False
2557,2557,0.8034237232871384,0.8593014813391808,0.030530721613455495,0.004177516348408847,False,False
2158,2158,0.7829712077789062,0.8401513176745458,0.03043121352655784,-0.009791065927683598,False,False
1479,1479,0.7789006880430017,0.8369939326979106,0.029739102266714734,-0.00713263082723587,False,False
1594,1594,0.7813002297430726,0.8389649355562372,0.02967278481601191,-0.007687491809444038,False,False
1115,1115,0.7516638459540644,0.813617175343422,0.02963960492873276,-0.01956618625060557,False,False
317,317,0.7870269245724975,0.8430415568803632,0.02944532230867956,0.003414388165839501,False,False
2030,2030,0.8132058087664873,0.8672636868195955,0.029329241913082116,0.001503001922658956,False,False
2214,2214,0.8111916137266766,0.8660491760938044,0.0289539809754055,0.0015134154304603108,False,False
183,183,0.7614550254398151,0.8224157625565398,0.02844166884354547,-0.021670872667445096,False,False
1176,1176,0.8053902373923253,0.8610944613041864,0.028058182969952786,0.0017921619839173872,False,False
838,838,0.8290935668357753,0.8782118866411781,0.02787495762509705,-0.0017780989050145022,False,False
147,147,0.8167648002262008,0.8699604072522461,0.027802519170770503,0.0032767368306610084,False,False
103,103,0.8118456715177038,0.8661575779691413,0.027536737114946398,0.0017329447893901266,False,False
963,963,0.7752880831325113,0.8340201848849395,0.026742288200129062,-0.018881767173618825,False,False
2519,2519,0.7766151067449665,0.8348401437229483,0.026583369092780012,-0.0202815542458739,False,False
145,145,0.8415424683004525,0.887697004553257,0.025446577206721444,0.0055595480914808525,False,False
157,157,0.7864535310430476,0.8430415568803632,0.0253815766661411,-0.019146653473955163,False,False
2222,2222,0.7873690012373203,0.8430415568803632,0.02526905617705507,-0.018002181556522247,False,False
465,465,0.8250658027220327,0.8764478534284155,0.024905533223251647,0.004550002307339318,False,False
1180,1180,0.827963818837773,0.8779552033978244,0.024519165800497972,-0.0011411295270381775,False,False
1101,1101,0.8272599244128365,0.8778360585117264,0.024420855881794906,0.00406085363303419,False,False
2405,2405,0.8367262436130571,0.8850333182621359,0.02386199892962344,-0.004525348438854099,False,False
2664,2664,0.8282968097420362,0.8779744391494255,0.023680531032481206,-0.004283611638852136,False,False
1178,1178,0.8373245955125314,0.8853506945070156,0.02349852098690442,0.005044033552760699,False,False
311,311,0.8330722139564378,0.8817968370266432,0.023243714413747535,-0.0009393249625318619,False,False
480,480,0.8379875529214306,0.8854208106339644,0.023185178002333603,0.004698278966660499,False,False
691,691,0.8118768133120455,0.8661575779691413,0.023079789586752348,-0.00797711572672874,False,False
1829,1829,0.8425646045184256,0.8881414176475602,0.02288530072187956,-0.0016143848451142344,False,False
2842,2842,0.7872289768258158,0.8430415568803632,0.022682480103741142,-0.02336717735676652,False,False
1484,1484,0.8538830570438288,0.8974238361565453,0.02194554838479403,-0.0018878365314687583,False,False
0,0,0.8169068918504077,0.8699604072522461,0.02170009975044649,-0.020287907757547956,False,False
2112,2112,0.8185117904606848,0.8706118764506837,0.021508198015216175,-0.020956169292540686,False,False
441,441,0.8471946875428248,0.8916573874564199,0.021349914353530734,-6.693187580091294e-05,False,False
1538,1538,0.8269093914910972,0.8777779234426238,0.020494912513922922,-0.019796145142392547,False,False
2337,2337,0.8675630986998187,0.906026487312126,0.019755274755453637,-0.0009977409033501408,False,False
365,365,0.853830950463927,0.8974238361565453,0.019734872809639616,-0.005582279421721177,False,False
345,345,0.8796086405893844,0.9150642990779155,0.01963089409755447,-0.0006540773447339133,False,False
766,766,0.83417651569979,0.8826509442413464,0.019622909416699006,-0.019388398460860636,False,False
564,564,0.8570397597049899,0.8995191459227773,0.019569220682280366,-0.0005928565540664585,False,False
2323,2323,0.8433216745053592,0.888526350703552,0.019566990198301087,-0.009296588233928047,False,False
90,90,0.8603367502048538,0.9013553542504855,0.01943464786894408,-0.0013238083129466385,False,False
98,98,0.8624836045092259,0.9026274112071165,0.019121437566301174,-0.004309116730909677,False,False
302,302,0.8379404443471831,0.8854208106339644,0.01859664661514514,-0.018414172714654006,False,False
1334,1334,0.8740891657482037,0.9109187654286056,0.018510026142242904,-0.002682401720311657,False,False
1499,1499,0.8582433070288709,0.9000940407285118,0.017676218980980436,-0.006816865587571134,False,False
1196,1196,0.8671571629901664,0.9059213163515712,0.017598161027127312,-0.002904280912169028,False,False
80,80,0.8707012345013896,0.9083449082601491,0.017516702049172647,0.003800080917244774,False,False
2257,2257,0.8705098166805549,0.9083449082601491,0.01687854497157991,0.0011768593126118814,False,False
786,786,0.889375794446661,0.9223156386854262,0.016511002190985762,1.219717877112264e-06,False,False
2395,2395,0.8603570480430005,0.9013553542504855,0.016498115652931612,-0.021893690926439863,False,False
2353,2353,0.8654196364480335,0.9050618326207764,0.015887436834657584,-0.01740912832877045,False,False
2542,2542,0.8658800433272265,0.9052243637179317,0.01582605851070923,-0.013006309148822172,False,False
2018,2018,0.8997984159437895,0.9301991287081739,0.015264881808172804,-0.0033432174909227806,False,False
510,510,0.8887197695858942,0.9222798168289978,0.01522040212328618,-0.005718292567607854,False,False
615,615,0.8904607450826356,0.9225279845034925,0.015186056314559479,-0.007060462122824808,False,False
2545,2545,0.8817179447437392,0.9162951190474152,0.015142209807987066,0.003932381519179887,False,False
106,106,0.8744676297662595,0.9109933047196414,0.014810868435919118,-0.016902366151765054,False,False
1755,1755,0.8810825291951632,0.9159554979513991,0.014361986999094889,-0.005339220957316752,False,False
1623,1623,0.8850275721019566,0.919412612530139,0.014295758226946419,-0.0050684749358483605,False,False
2162,2162,0.9109491727062952,0.9380928483813221,0.013373146883380817,0.0031822587233018562,False,False
2484,2484,0.9028171807716568,0.9323456480620311,0.013018705755615242,-0.002511044751657361,False,False
1291,1291,0.9094729438767428,0.9372623949396433,0.01299260537292512,0.006604661932215095,False,False
2578,2578,0.9060737480107637,0.9344082293592587,0.012963970933363694,-0.002617058292645975,False,False
2681,2681,0.890513030863378,0.9225279845034925,0.012908947905810503,-0.01898760813767376,False,False
1266,1266,0.8560493288966601,0.899063838699677,0.012836900611243585,-0.018499097215178294,False,False
2430,2430,0.9076172524354562,0.9356748889296401,0.012301008717420143,-0.0020833422702171435,False,False
757,757,0.9240253440395063,0.9476528061884087,0.011816355896927293,0.0022440084309074087,False,False
694,694,0.9112269817666279,0.9380928483813221,0.011772741499752824,-0.006787027562425874,False,False
1669,1669,0.9176372971109494,0.94273018270173,0.011728739805710297,-0.005419507477307212,False,False
1662,1662,0.9207573125490709,0.9454127695226395,0.011153513430622479,0.0013240865997448392,False,False
512,512,0.9208855514454013,0.9454127695226395,0.010715530890441256,-0.002760510578555486,False,False
529,529,0.9223859770154572,0.9462985066650111,0.010458716453425908,-0.0011654036946471993,False,False
77,77,0.9173079546356737,0.9427181472848614,0.010008718808889145,-0.005255303788449963,False,False
2047,2047,0.9321239939565175,0.9526666715092782,0.009017717825219995,0.0026972108333449853,False,False
339,339,0.9441292102819132,0.9612951959234026,0.008909922492285697,-0.0009906569424916686,False,False
2682,2682,0.9137457880451002,0.9397080730831107,0.008867874245716008,-0.0170566276259714,False,False
2609,2609,0.929184858059408,0.9509726409380423,0.008820428196005616,-0.004121572651198294,False,False
2364,2364,0.9317650398467754,0.9526278464571923,0.008196553236265827,-0.0072712592746314465,False,False
938,938,0.9431296368724835,0.9611392373336497,0.007919367420665416,-0.002528804358235401,False,False
1285,1285,0.9504001839907914,0.9652524581992242,0.007249165474108495,0.00723395628443399,False,False
2415,2415,0.9483071881297562,0.9638957994414782,0.007196819262462972,0.001086138902480492,False,False
288,288,0.9435665229832391,0.9611392373336497,0.00663945876089618,-0.01435816399827336,False,False
2859,2859,0.9555568735978788,0.9692730009700972,0.006529672443260074,0.000444504131248818,False,False
275,275,0.9476393495008006,0.96370206498776,0.006452967761095742,0.003981923606179253,False,False
2549,2549,0.9518116079614164,0.965804052112644,0.0063406684645401674,0.00942178531887157,False,False
2957,2957,0.9359895286427183,0.955347915279884,0.006257277033088603,-0.019465247151830192,False,False
2433,2433,0.947791889386547,0.96370206498776,0.006143210883518306,-0.016623539220506908,False,False
1494,1494,0.9381495146759411,0.9568480273395853,0.005948108658644588,-0.009989742589423185,False,False
1243,1243,0.9488498678641393,0.9641172228075199,0.005906801919304937,-0.01701740660919434,False,False
2624,2624,0.9592257126580879,0.9723298890605208,0.004796374436177855,-0.015771391403159925,False,False
2217,2217,0.96122953254418,0.9733637845756145,0.004561812941846802,-0.017821191656276884,False,False
749,749,0.9667381490623498,0.9777861569626124,0.004443777755162061,0.0058791858483898075,False,False
310,310,0.9699347600405452,0.9798387909463371,0.0043692914644468716,-0.00021383034208024036,False,False
2840,2840,0.9684143176318968,0.978800706179163,0.0043583584735869445,-0.005945451905536278,False,False
533,533,0.9511586592938197,0.9654715802955051,0.004259539996810817,-0.020539880996058066,False,False
2499,2499,0.9712038120481692,0.9807736250985847,0.004042493188771343,0.001291081575545916,False,False
1879,1879,0.9738112969858106,0.9817499760373254,0.003744819436031478,-0.009615553226077576,False,False
2426,2426,0.9743990069455262,0.982008914300279,0.0032911703932361745,0.00027588734259005647,False,False
797,797,0.9761846093708489,0.9833742283365339,0.0032759708806227995,-0.005468278982952737,False,False
356,356,0.9764163918152848,0.9833742283365339,0.0031653197791299613,0.00026782184821751327,False,False
2686,2686,0.9720273837447639,0.9809511305523493,0.0030168874146883524,-0.02154500529515386,False,False
1946,1946,0.9784179103486215,0.9840543401947505,0.0028646115571083937,0.008196316679436943,False,False
409,409,0.9798431433141628,0.985153946258955,0.0028329203946507718,-0.007520978321525253,False,False
1542,1542,0.9774191553638107,0.9838808319395225,0.0026561524608891512,-0.016382843029508612,False,False
29,29,0.981359208548207,0.9863441012431691,0.0025164339610691698,0.00020683401600619082,False,False
932,932,0.9837283013666546,0.9881120222607762,0.002105552691380789,-0.01047158277294224,False,False
389,389,0.9899443697962191,0.9926198951199927,0.0012925073966557812,0.0014581250129532093,False,False
177,177,0.9877405308837346,0.9907448109709105,0.0011249680788117484,-0.017718933860331507,False,False
890,890,0.9949940282259565,0.9962960735094303,0.0007034913384145541,-0.0033809626943354307,False,False
130,130,0.9991259601965157,0.9991259601965157,0.00010745691004221862,-0.012274469978393081,False,False
1061,1061,0.9988713382305702,0.9991259601965157,-0.00014696051877672984,-0.00649192278190213,False,False
1767,1767,0.9985187657846972,0.9991259601965157,-0.00019090880414447678,-0.00517902647696452,False,False
2651,2651,0.9952890356992793,0.9962960735094303,-0.0005947427110209821,0.0021875930954366137,False,False
1051,1051,0.9942022254039782,0.9958799206881563,-0.0008220577566663647,-0.000761717554191918,False,False
805,805,0.9933506522195907,0.9953628412517709,-0.0009221531710347867,-0.002815899947943006,False,False
2569,2569,0.9906608805506834,0.9930028684479664,-0.0012005645309744017,-0.001340252194589899,False,False
1261,1261,0.9860780587478782,0.9897462557875221,-0.001785585687522833,0.0008079430833515442,False,False
247,247,0.9867070112770568,0.9900427347769792,-0.0019174614467586508,-0.0047669595638637164,False,False
5,5,0.977582403433171,0.9838808319395225,-0.0019541071875370276,-0.020395819513956557,False,False
1497,1497,0.9839942493572129,0.9881120222607762,-0.0020459768262303443,0.006540518068804748,False,False
1067,1067,0.9841169601761639,0.9881120222607762,-0.002081748545802579,-0.0044691438109335365,False,False
796,796,0.9783811552372046,0.9840543401947505,-0.0025430268414407594,-0.011921111275115966,False,False
1785,1785,0.9727024947168732,0.9811490368847181,-0.003208321572086637,-0.01124841035526608,False,False
2282,2282,0.972884641358398,0.9811490368847181,-0.003320462993943177,-0.0053296285993661985,False,False
2482,2482,0.9715210437297301,0.9807736250985847,-0.003378780984031476,-0.0008569202897988475,False,False
2295,2295,0.9685773834394211,0.978800706179163,-0.0036966474986091435,-0.010375145498678724,False,False
2776,2776,0.9669145453791332,0.9777861569626124,-0.004772067106984425,-0.0005167919765841622,False,False
172,172,0.9625326290469897,0.974018698606023,-0.0048660596565243295,-0.0028932235446224516,False,False
260,260,0.9603051745371263,0.9730179067769034,-0.005012451490480921,-0.0009912919750890558,False,False
1309,1309,0.9605601303424283,0.9730179067769034,-0.005088303901198179,-0.003229564178207996,False,False
2949,2949,0.9506175658073897,0.9652524581992242,-0.005100564719048069,-0.018502134566027454,False,False
1313,1313,0.9436522026921346,0.9611392373336497,-0.005494595782777201,-0.018755066748543284,False,False
2454,2454,0.9563277213594765,0.9697234974359161,-0.00579682056763239,0.004429417770583024,False,False
2765,2765,0.9615805743220813,0.9733871570900197,-0.00590802360075257,0.005909503895944802,False,False
2706,2706,0.9377215663465372,0.9567403262002484,-0.006251768213803154,-0.018355983536402942,False,False
72,72,0.9313412219316652,0.9525226556489257,-0.006350456695880289,-0.017586050331350658,False,False
1787,1787,0.944646608606442,0.9614921585541564,-0.0069269801627773004,0.0026502401289513282,False,False
873,873,0.9458958205070138,0.9624335945371331,-0.007038735316470605,-3.0269492058761898e-05,False,False
433,433,0.9340537461635875,0.953981940335006,-0.007771406916826931,-0.015922815251807144,False,False
794,794,0.940492337942244,0.9589080243945655,-0.008106840938539632,-0.006574640628870345,False,False
2760,2760,0.9360349520329861,0.955347915279884,-0.008392180898369255,0.005101175504752422,False,False
2782,2782,0.8898162084394197,0.922450054714704,-0.008585508292517394,-0.01762944060354078,False,False
1073,1073,0.932450652259452,0.9526724736337534,-0.008603274570616583,-0.0011630855126254001,False,False
2934,2934,0.9311337130232045,0.9525226556489257,-0.008855926490035268,-0.0025830207481233867,False,False
1927,1927,0.9220891449536057,0.9462985066650111,-0.009638291356280087,-0.005573104169973857,False,False
985,985,0.8891914349080127,0.9223156386854262,-0.009845466628882929,-0.014904972543671888,False,False
900,900,0.9164070558501387,0.9421185111753418,-0.00985666834263483,-0.012252106811872306,False,False
123,123,0.9265164768128532,0.9495514168441119,-0.00992778249695937,-0.005815383573579956,False,False
1140,1140,0.9288256312466403,0.9509328987720002,-0.009934421044077855,0.0009385859891040787,False,False
1244,1244,0.9282127924625891,0.9506333913143425,-0.010006800484338047,-0.0001767274620061298,False,False
350,350,0.9260055222873516,0.9493555751809531,-0.010541643162226166,0.0063493947208617466,False,False
637,637,0.9274730886074273,0.9502037027914546,-0.010638983159241019,0.0010799344248078285,False,False
2292,2292,0.9045705690848531,0.9335067625326301,-0.010803064685272588,-0.009147291430411306,False,False
1389,1389,0.8735176918626746,0.9106429608178497,-0.011188205052120788,-0.01889805418915442,False,False
2286,2286,0.905134826499626,0.9337643952210254,-0.011192817680561507,-0.012924270910226543,False,False
2803,2803,0.9108069308935419,0.9380928483813221,-0.011366184254317978,-0.008286066482900879,False,False
2530,2530,0.9127774337561232,0.9393631842538743,-0.011612735828185257,0.004621364257564944,False,False
161,161,0.91343254585434,0.9397080730831107,-0.011746022130676223,0.007424771056977214,False,False
2724,2724,0.8858508736687203,0.9199459037959278,-0.01200522207118916,-0.017894857629748944,False,False
54,54,0.8807263906392789,0.9159060712744849,-0.012392817221655536,-0.015465981640486496,False,False
1575,1575,0.9021342248290736,0.9319646290611522,-0.012491746882528217,-0.007315629242983106,False,False
93,93,0.892001855465003,0.9237479089393332,-0.012928615734274018,-0.004157057865813379,False,False
1747,1747,0.8720122089135472,0.9093929149878455,-0.012982330753150528,-0.0169530105430457,False,False
1532,1532,0.904326143001384,0.9335067625326301,-0.013011496928134447,0.001034850229856245,False,False
2872,2872,0.8962957123461656,0.9272240063588076,-0.013204019675669922,3.0931009119394055e-05,False,False
432,432,0.8993143906866077,0.9300226869539553,-0.01330623656279758,0.003912121255370943,False,False
1260,1260,0.9006251677575683,0.9307296301895761,-0.013818358405259731,0.001753155259894665,False,False
352,352,0.8750782646540387,0.9113095752607673,-0.013999844609148977,-0.016290421496768768,False,False
2927,2927,0.8862253947876999,0.9200129316998578,-0.014443675147290861,-0.0007282184310505703,False,False
2873,2873,0.8953450689502447,0.926563516263712,-0.014634418266977256,-0.004591498272792908,False,False
2924,2924,0.839428484604223,0.886507483817017,-0.014752260644987006,-0.012772560186545285,False,False
292,292,0.8776762888084632,0.9136945721443418,-0.01524382065151441,-0.001961947344236643,False,False
1901,1901,0.8929491138793851,0.9244063376330712,-0.01534413507503979,-0.001524370407864286,False,False
1335,1335,0.764575497097742,0.8254856585616945,-0.016675421704284408,-0.01935086984631048,False,False
2864,2864,0.7994759410603393,0.8553873803414156,-0.016726194207493814,-0.018222479980425966,False,False
656,656,0.8790818428069391,0.9148369247724387,-0.017596611167847855,9.693680658317782e-05,False,False
1877,1877,0.8542320532946961,0.8974728262579321,-0.017764998306416063,-0.006461213018502593,False,False
2509,2509,0.8570889975301934,0.8995191459227773,-0.018087362822325842,-0.001725070092936552,False,False
530,530,0.8437062180507626,0.8886160593238692,-0.018524186830939045,-0.01067572827898843,False,False
387,387,0.6908197206817837,0.7642328995395486,-0.018590921473931654,-0.019913203239723336,False,False
558,558,0.8406412586940093,0.8872771179956684,-0.018895164157765803,-0.011027862892426465,False,False
468,468,0.8574754364253797,0.899606608451936,-0.018948781764593973,0.0032633390391470472,False,False
2953,2953,0.6743905478255553,0.7516301712152641,-0.019239551354431818,-0.020329229821938844,False,False
952,952,0.8685723356039027,0.9067614112108278,-0.019244804719018085,0.0017823479775980846,False,False
599,599,0.8632174497183429,0.9030769794726972,-0.019729959211559886,-0.004925526817569754,False,False
2150,2150,0.850659412403609,0.8946694316137177,-0.019780294368262605,-0.001630508270782939,False,False
2586,2586,0.8619722188101464,0.9024104216679063,-0.019877587842626783,0.0019205776575654126,False,False
2631,2631,0.8663568769065513,0.9054039474150155,-0.020007558440534416,0.0007827923135148062,False,False
1182,1182,0.8619252411664085,0.9024104216679063,-0.020349267645630113,-0.0006397662836275296,False,False
1076,1076,0.8396133884803352,0.886507483817017,-0.020432953580576098,0.0013766042323351698,False,False
2407,2407,0.8276501552312314,0.877936261875016,-0.02046699287725414,-0.013648270618750867,False,False
156,156,0.8249295317708691,0.8764478534284155,-0.02078834649123468,-0.009524383155355472,False,False
349,349,0.841637254317003,0.887697004553257,-0.020793386724977252,-0.002218194901672542,False,False
768,768,0.8186919633335101,0.8706118764506837,-0.02080025763342139,0.0028878191371490914,False,False
2486,2486,0.8499272666607972,0.894216280556273,-0.020891888276692656,-0.002008823409245529,False,False
270,270,0.8426570862855557,0.8881414176475602,-0.02090740870322218,-0.001821294168707961,False,False
323,323,0.8446900325117123,0.8893366500513522,-0.021158222054204347,-0.004679095790585874,False,False
2388,2388,0.8285735862727563,0.8779744391494255,-0.021269250123529083,0.0013616019253157678,False,False
2455,2455,0.8308764933390103,0.8797864545951418,-0.021281694176800935,-0.00409985830402459,False,False
1797,1797,0.8589857836834502,0.9005545058186084,-0.021633162221670443,0.005631925921918922,False,False
1753,1753,0.8175770408726184,0.8703617852618118,-0.021687835909464066,-0.014296904741484043,False,False
742,742,0.8139019548384275,0.8673827655154229,-0.021975586901466015,0.0011359370038857674,False,False
1464,1464,0.7310842411527325,0.7951110398465775,-0.02217060061573719,-0.02374274995203158,False,False
1897,1897,0.8183622391776043,0.8706118764506837,-0.022319674975962902,0.0025355104950905453,False,False
711,711,0.7821601178834111,0.8395845316014338,-0.02251163549432584,-0.012104462017047068,False,False
2387,2387,0.8083492254329929,0.8638346895294678,-0.022688636545196247,-0.009967980077656395,False,False
2942,2942,0.8085352990272445,0.8638346895294678,-0.0227779640653315,-0.011484818645925935,False,False
272,272,0.786574045961214,0.8430415568803632,-0.024050686067258527,-0.006358971990419845,False,False
568,568,0.8106510127233089,0.865783449356884,-0.02405466383786696,-0.007785757814028866,False,False
2176,2176,0.7192580910492582,0.7868625190690005,-0.024878648841524194,-0.008292795076149915,False,False
403,403,0.826807341639869,0.8777779234426238,-0.024966157107680787,-0.006864952279557466,False,False
2641,2641,0.8135158553544541,0.8672827078635129,-0.026231527523090662,-0.008277749231643915,False,False
2874,2874,0.6511016817677564,0.7306123975375052,-0.026340129192652686,-0.016509806980631547,False,False
524,524,0.7569191972609468,0.8182349572119807,-0.02653695124403503,-0.009497171830018743,False,False
2913,2913,0.820326091550832,0.8720371918778186,-0.02674014269976437,-0.007042255104889557,False,False
2685,2685,0.7752903268522735,0.8340201848849395,-0.026844844528356632,-0.011168680310875914,False,False
2845,2845,0.774885098685113,0.8340201848849395,-0.02689711113084541,-0.012027934496824443,False,False
2539,2539,0.7745131163698451,0.8340201848849395,-0.026934859979095335,-0.007901544007003148,False,False
2909,2909,0.7268750868974636,0.7916936726281365,-0.02770991726219656,-0.013210171274358994,False,False
2601,2601,0.7755757319272486,0.8340249175217659,-0.02833687128242294,-0.004094678010414822,False,False
991,991,0.753307876939002,0.8150994454082968,-0.029305760906781504,-0.0014030602983739259,False,False
2281,2281,0.7570327468005724,0.8182349572119807,-0.02961580279857624,-0.0029874262462782413,False,False
823,823,0.735159965460565,0.7986793891688885,-0.030190490216313842,-0.009692640030716668,False,False
160,160,0.7562607199902649,0.8179962889690621,-0.03023245734216052,-0.005177613608489446,False,False
2843,2843,0.5871476573732632,0.6737369741424206,-0.030241520693499543,-0.020393222923143845,False,False
1367,1367,0.7738180181896639,0.8336449647865417,-0.030734278532317916,-0.0020963031560116293,False,False
2855,2855,0.7851632646092831,0.8421989770004886,-0.03077357119358223,0.0011569298576777375,False,False
1655,1655,0.7422408515916578,0.8045912518349306,-0.030927871878153206,-0.007068820190619885,False,False
1695,1695,0.6771372041891512,0.7541250364102817,-0.03178560377439166,-0.014833343459524135,False,False
2132,2132,0.7180452149771999,0.7864052391337008,-0.032012480465819504,-0.0044613542257727614,False,False
1492,1492,0.6438917726412507,0.7258149567790475,-0.03211316623079123,-0.007893205361311764,False,False
2541,2541,0.7364416032668726,0.7997653415646095,-0.032714797821099754,0.003974586959270222,False,False
707,707,0.76665798481474,0.8271322787823149,-0.0327935699060383,-0.004386081003942199,False,False
507,507,0.7294818665434999,0.7936908350940539,-0.03293841221661905,-0.006121604867597051,False,False
1167,1167,0.7220637980761546,0.7887689925248534,-0.03347990160828229,-0.014058754373647224,False,False
1522,1522,0.7732618890021234,0.8333483248214606,-0.033573623419508536,-0.002682162873800846,False,False
1782,1782,0.6908480018411756,0.7642328995395486,-0.03374406958425456,0.00011416242602903052,False,False
536,536,0.7338009644004824,0.7977733561687296,-0.033937068779576904,-0.002580895026152421,False,False
2403,2403,0.7154124793283858,0.7841005312579945,-0.034027223630315816,0.002392054802511765,False,False
2475,2475,0.5311578743608677,0.621616993691229,-0.034394151974967764,-0.016213755631655544,False,False
370,370,0.6033594208288414,0.6890229938514818,-0.03468936556963162,-0.009412775281816721,False,False
2315,2315,0.706793304329729,0.7772369497038294,-0.035389176412136986,-0.0070692035297299435,False,False
878,878,0.7351725374694755,0.7986793891688885,-0.03542819749532859,-0.0016475249456632162,False,False
638,638,0.729510983199656,0.7936908350940539,-0.03544415896330457,-0.001076086931366456,False,False
23,23,0.7264724568478309,0.7916936726281365,-0.03544659073752512,0.0032330517894983714,False,False
1558,1558,0.6250770565055972,0.7108155952906561,-0.03556927449433738,-0.011283099566080977,False,False
527,527,0.7041046131534345,0.7757159186204424,-0.035646661984575036,0.005216908584433031,False,False
1539,1539,0.7412925917780239,0.803918097830683,-0.035823552859059735,0.0045872268165765475,False,False
1502,1502,0.7382791216611446,0.8011745642011983,-0.03685729060773335,0.0003985336696818278,False,False
1754,1754,0.6486449284469213,0.7295104765556887,-0.03700298082301418,-0.0007294507781036028,False,False
386,386,0.6505203494578027,0.7306123975375052,-0.037034092383784176,-0.008081113381064283,False,False
2946,2946,0.7065049981846806,0.7772078705011609,-0.037361758970304394,-0.005099149140002853,False,False
462,462,0.7231899589134637,0.7897085349724652,-0.037388933572755176,0.004848605536158766,False,False
2442,2442,0.7077852971697705,0.7780395414814365,-0.0375426000713011,0.0033855444032537796,False,False
725,725,0.7211743713632148,0.7883777289893266,-0.037619721022020276,-0.0019781348230603142,False,False
117,117,0.3415963634102034,0.4247415193135667,-0.03797031890857521,-0.01960236143579221,False,False
1710,1710,0.6029298559748828,0.6890229938514818,-0.03803278152939268,-0.005933922741138013,False,False
1824,1824,0.6864379598385348,0.761056355921095,-0.0384245566644437,-0.003673478049249115,False,False
241,241,0.7106067789331032,0.7802741102010545,-0.03882308866866157,0.0008753363836275979,False,False
1667,1667,0.7160222786890375,0.7844791890546561,-0.03903262055705111,0.0007840559609631135,False,False
405,405,0.7246326718080649,0.7904115288226155,-0.03915605295904523,-0.002688896142463013,False,False
2022,2022,1.6171909773041407e-24,5.5489281163453065e-24,-0.03962151627782228,-0.02313587198009542,False,False
785,785,0.7035271742009142,0.7753689762451962,-0.039785837639034934,-0.002935033062754765,False,False
1163,1163,0.6675096689551274,0.7456412109367024,-0.04043862617424019,0.001691611079469158,False,False
2836,2836,0.6438026785856198,0.7258149567790475,-0.041122088083949716,-0.0024888082567392257,False,False
2657,2657,0.6940410004408661,0.7663369379867897,-0.041140620894098257,0.005150721686527982,False,False
259,259,0.6507006261589419,0.7306123975375052,-0.04137749071807136,-0.007568885565826063,False,False
2235,2235,0.4208823896340472,0.5127992333472299,-0.04159481565430403,-0.01302192012659742,False,False
1521,1521,0.6412079740124381,0.7241648656274415,-0.04199331154888329,-0.01192640953470309,False,False
2373,2373,2.9736528264988424e-26,1.0395526017725047e-25,-0.042317150849614585,-0.024074112856578702,False,False
89,89,0.6102375986720792,0.6958068355200657,-0.042867886995990624,-0.002574733826388828,False,False
2877,2877,0.6832725021414268,0.7581131911610298,-0.042921300037517277,0.0011066433107667732,False,False
1348,1348,1.2218644663185008e-26,4.29170856335303e-26,-0.04307690033317456,-0.02413095846869938,False,False
1209,1209,0.5724723371773384,0.6606134901797591,-0.043176188067300794,-0.004878883903733848,False,False
2311,2311,7.242390003750921e-27,2.5468499444470062e-26,-0.043500544659599134,-0.02411265987839946,False,False
45,45,0.5741525770608229,0.6620376257639947,-0.04355931166884474,-0.0159950632141871,False,False
499,499,3.713200094246514e-27,1.3119973666337682e-26,-0.04362943490750513,-0.02209246892732991,False,False
659,659,0.6801880184661273,0.7558210553378756,-0.04374130038454197,0.00046099033301901014,False,False
882,882,0.6702192099777666,0.7481047819533702,-0.04406140762815918,0.005786578374224126,False,False
1170,1170,0.587249849092467,0.6737369741424206,-0.04409444744363089,-0.00020121516771686338,False,False
842,842,3.8085970230594023e-28,1.3685128286247344e-27,-0.04500177853175167,-0.02086080685520464,False,False
1708,1708,6.833774713411642e-28,2.4466397285169787e-27,-0.045007384091278226,-0.022827209785854792,False,False
1234,1234,4.460292217927682e-28,1.6007433256117726e-27,-0.045279014564942516,-0.023020920356333005,False,False
2894,2894,0.6570437973335204,0.7361668518255524,-0.04572140667982921,0.0036220765759367103,False,False
1773,1773,0.6685992505165566,0.7465773421870353,-0.04611081201487664,-0.001622467690980153,False,False
1963,1963,8.097956544704595e-29,2.934644081157904e-28,-0.04621215480731924,-0.02520438145527329,False,False
1139,1139,1.7437673126124021e-28,6.296230393958162e-28,-0.04650824712583984,-0.02453268519281655,False,False
199,199,1.8001633407980184e-28,6.491962084433195e-28,-0.04657974353847821,-0.02102472992623155,False,False
2740,2740,0.6650161468767788,0.7431355135279666,-0.04684942728274197,0.0010588150952087704,False,False
604,604,1.0434873694412365e-28,3.7769152591482805e-28,-0.04694224803252106,-0.021443621927522034,False,False
2652,2652,0.5618446293801088,0.649359369158942,-0.04702780738590362,-0.0035150868428834455,False,False
354,354,0.4990883674125377,0.5915711958787587,-0.04704036950929613,-0.01250264096174992,False,False
1258,1258,0.6509000363689506,0.7306123975375052,-0.04715032755765539,-0.004606017697661609,False,False
1745,1745,4.7581477032191344e-29,1.7264281641998032e-28,-0.047261017875895275,-0.02044719122990371,False,False
2732,2732,1.3069768228614328e-29,4.759640748776359e-29,-0.04739371323995161,-0.02571847334242755,False,False
2627,2627,0.6317209091831879,0.7167231110304669,-0.04784303857340302,0.0003537523172439164,False,False
1372,1372,0.6452870857788355,0.7269007542956099,-0.04799699839978071,0.0005152673909263315,False,False
1173,1173,0.6130552439869505,0.6982148749628816,-0.048256588156438816,-0.0025518646141842716,False,False
1349,1349,3.941880289008684e-30,1.4515509550592773e-29,-0.0488457627611863,-0.024366030571558443,False,False
944,944,5.552319785857801e-31,2.0650733238629014e-30,-0.0489547003343633,-0.021819207663718136,False,False
2848,2848,2.7883386807019704e-30,1.0306088672881007e-29,-0.04905093537643672,-0.023569882735759475,False,False
2091,2091,1.7093793309187767e-30,6.333879967748975e-30,-0.049260531170489,-0.0184525969622533,False,False
1781,1781,0.616084902838576,0.7008585632904919,-0.049336196146989114,-0.006275379124113062,False,False
2277,2277,0.6284634659735657,0.7135729024520058,-0.04945070972017455,0.005386956285675173,False,False
2538,2538,0.6121706652559554,0.6974750612206049,-0.04958938551219174,-0.001263753523413993,False,False
1013,1013,3.5863743630732417e-31,1.3355532132498598e-30,-0.049723280052153505,-0.02736483163688744,False,False
2166,2166,0.6391606613373013,0.7231322199908907,-0.04973927443868375,0.000494285542787336,False,False
1678,1678,0.6405511005280291,0.723698388415375,-0.050129515501925216,0.003695521492704211,False,False
549,549,0.5943716695456339,0.6808549267508458,-0.05015830748028206,-0.005589193605048193,False,False
1858,1858,0.6481268433522546,0.7292041209512856,-0.05030644668484371,0.0034697393099838367,False,False
1930,1930,1.549168406407271e-31,5.820166873692127e-31,-0.05049167703837718,-0.023706995024325262,False,False
1859,1859,0.6283689002932161,0.7135729024520058,-0.0505244948215594,-0.0012316545586354135,False,False
2228,2228,0.5196759627280895,0.6089215386407302,-0.050752141404072755,-0.00641291189786415,False,False
2532,2532,2.4398032694724314e-31,9.108598872697077e-31,-0.050911698980217954,-0.021817618130462676,False,False
2562,2562,1.2789766676492456e-31,4.811156843577898e-31,-0.051026817179910325,-0.02202185022912856,False,False
162,162,1.028988352081435e-31,3.8904935400989793e-31,-0.05103924830089301,-0.02504401233685632,False,False
590,590,0.6068640769329362,0.6922262030503284,-0.05141185476025235,0.004263760885364855,False,False
635,635,1.8544776650819893e-31,6.958394070750119e-31,-0.05143266398919952,-0.02313818174971203,False,False
277,277,0.6402034399091521,0.7236536586712351,-0.051691489313205864,0.0010952390736680543,False,False
1962,1962,1.2608610360352484e-31,4.749029892071849e-31,-0.05186540189828846,-0.018593010683636904,False,False
1800,1800,0.3040291932425565,0.38339596703209333,-0.051948407712390045,-0.012951269714064797,False,False
1489,1489,1.8827669370955183e-31,7.055621552145831e-31,-0.05194886185407748,-0.023519317944349354,False,False
2106,2106,0.5549703794103836,0.6432202769467876,-0.05203731602481382,0.00047165183315535223,False,False
1849,1849,6.730415157625722e-32,2.5544593590579466e-31,-0.05226689808395661,-0.023668536730228645,False,False
2808,2808,2.0315594941085865e-32,7.780217520663594e-32,-0.05227496783240256,-0.02228712697820499,False,False
2453,2453,2.3536173759017226e-32,8.990394300741714e-32,-0.052305752726907004,-0.02216934609813839,False,False
1036,1036,0.5668103643079869,0.654334173965813,-0.05241605742779691,-0.005163746424829708,False,False
1776,1776,2.4394466621358224e-32,9.306269528559282e-32,-0.052431641340109664,-0.02268369072992577,False,False
2265,2265,2.0697077212046698e-32,7.916098603782809e-32,-0.05256686001212162,-0.016965219018460282,False,False
1398,1398,0.5798035477535342,0.6669988099738331,-0.05271455632776694,-0.0005115217884266512,False,False
1555,1555,0.5611494043748193,0.6488085049413571,-0.05286616021016516,0.0043825738954147075,False,False
2634,2634,3.3283307127376417e-32,1.2664725071032463e-31,-0.05302346051401778,-0.02373287603862858,False,False
2038,2038,0.532834785074078,0.6226195441338045,-0.05310457687028518,0.0027484140696974885,False,False
1299,1299,3.1374767043435136e-32,1.1953826519244605e-31,-0.05329885042094078,-0.022023154604804782,False,False
1855,1855,0.5972100386550965,0.6838103805609737,-0.054187835797226545,0.00029274076900035167,False,False
807,807,5.0577628554845714e-33,1.9495376824776893e-32,-0.05438327358981162,-0.018545588822910474,False,False
2255,2255,1.2828458692297319e-33,4.957664765460734e-33,-0.054479516693571796,-0.02260391548229337,False,False
1396,1396,6.099777831968195e-34,2.3634648309767108e-33,-0.05455919840549967,-0.02170623473644299,False,False
2200,2200,1.1421570384984358e-34,4.460423802978102e-34,-0.0547939412877828,-0.0256618828447926,False,False
134,134,0.615022926055824,0.6999187287322414,-0.05496170465333802,0.002155959607246184,False,False
2825,2825,0.42811706156822005,0.520758786366589,-0.055023724217287344,-0.006377028398647556,False,False
1608,1608,0.5183800524435849,0.6078830484601184,-0.055102172449153115,-0.0006150929427030654,False,False
1468,1468,0.592202040278871,0.6786315272384901,-0.055168508752446326,-0.0037429048563243092,False,False
1269,1269,0.5549790388210678,0.6432202769467876,-0.05564034315508844,-0.006335264322574205,False,False
1031,1031,3.5705649693919034e-35,1.4073621287058658e-34,-0.05569262856817965,-0.022654458399324753,False,False
2694,2694,0.5992684457275623,0.6854060681770348,-0.05569486085764087,-0.0004971035520658964,False,False
2418,2418,0.5916445663022434,0.678516643270888,-0.05581346619872406,-0.0029770365876969503,False,False
1450,1450,0.5759973043530672,0.6633915402871181,-0.055932451950651205,-0.00041551752970824966,False,False
2671,2671,2.6985169696393896e-34,1.0496983441533037e-33,-0.056130746309565896,-0.021126463631780237,False,False
1147,1147,0.5511044320592777,0.6394362604972386,-0.05618315173996904,-0.00010360390886959545,False,False
1628,1628,8.951078947124768e-35,3.514127290352687e-34,-0.05631159681586382,-0.019551130293011695,False,False
2478,2478,0.5489384865341316,0.6379206844296408,-0.05638969631679532,-0.00029664645045924235,False,False
1997,1997,0.5473472283224803,0.6365699740051416,-0.056707332590438905,-0.002623558608902247,False,False
1697,1697,0.5035394278687421,0.5950049006510175,-0.05671475169358267,0.006024478517485822,False,False
630,630,4.672410867607581e-35,1.8367835039813645e-34,-0.05686605813332984,-0.021055473658112566,False,False
1536,1536,0.5803657005996183,0.6673868265709675,-0.05694324744043466,0.005710299369123763,False,False
102,102,0.44225753626864006,0.5344545470868582,-0.056984327108930595,-0.006654940388543902,False,False
1993,1993,0.5442843254737153,0.6337527963930902,-0.05714478658628198,-0.003025323800889783,False,False
417,417,0.5818331482654273,0.6688151758527452,-0.05745562238627069,0.0023903621160684847,False,False
1442,1442,7.94316433568443e-36,3.1475716619908395e-35,-0.057531149978192274,-0.019085032828480616,False,False
2220,2220,7.28506062863667e-36,2.890649725373481e-35,-0.05753772294012994,-0.01905847524820133,False,False
1157,1157,7.991717951681639e-36,3.162589184078814e-35,-0.05757215709150738,-0.023495736374529497,False,False
584,584,0.4936405696861259,0.586754189358599,-0.05814445203574738,0.0011636012700309301,False,False
1992,1992,0.4750585528715753,0.5683086597834887,-0.05814829326153633,-0.0013179122207828595,False,False
1768,1768,4.4170511471095005e-36,1.7573468906998654e-35,-0.058251047856872636,-0.019788736588857644,False,False
2684,2684,1.2125525925256214e-36,4.8567558631795466e-36,-0.05852759864668895,-0.020375503454069854,False,False
340,340,0.49793376550637547,0.5906744268676748,-0.05912563069385949,-0.008473615450390245,False,False
2914,2914,0.5641120222805904,0.6517261510816631,-0.059144773672924617,0.0015159787360447547,False,False
595,595,0.5488789960421694,0.6379206844296408,-0.059380463299546535,-0.004193497169487514,False,False
2074,2074,1.3330888592416986e-36,5.3323554369667945e-36,-0.059412024803208785,-0.02177429144043468,False,False
557,557,0.44909520634882194,0.5416150233414481,-0.05951085671612951,-0.003387037301780482,False,False
1129,1129,2.799640928287437e-37,1.1336063131182965e-36,-0.05957163276489623,-0.023818149631250014,False,False
2119,2119,3.8428446767447905e-37,1.549668885948171e-36,-0.0597856114293166,-0.020497306264245042,False,False
696,696,0.5829840969045647,0.669878745494676,-0.059787439752692864,-0.00199836476955565,False,False
1215,1215,0.4870678785504008,0.579862853520685,-0.05984263711422222,-0.0032939376905812227,False,False
1549,1549,0.36222791009936883,0.44720983243549367,-0.06014132529587928,-0.010126935503128045,False,False
1130,1130,0.5415705826213617,0.6315840822083307,-0.06040584804905088,0.0029399975238082942,False,False
2094,2094,7.824188805558807e-37,3.1466385331840836e-36,-0.060435206024998946,-0.021216088062272823,False,False
1635,1635,6.7465648185944016e-37,2.716934108763661e-36,-0.060484739715676354,-0.021436234870037586,False,False
2791,2791,1.3458010133269439e-36,5.37595882577977e-36,-0.060533066840568805,-0.016959586264428905,False,False
47,47,0.51922442704162,0.6086327407028151,-0.06077194200912325,-0.005500907998559295,False,False
295,295,7.462919360020017e-38,3.0342389945944397e-37,-0.0609778650330495,-0.019783624954253794,False,False
466,466,0.5064740092708993,0.5969876328498924,-0.06103618394687274,0.0005914656161419632,False,False
1730,1730,2.3951597281933583e-38,9.81883159292526e-38,-0.061244534882127964,-0.022052885572798803,False,False
155,155,3.1375140618488826e-38,1.282664150904612e-37,-0.06144246004098186,-0.02169059988186188,False,False
449,449,0.5135887744696052,0.6036956366834805,-0.061559674279231626,-0.005085147181141341,False,False
2375,2375,0.5321906846066783,0.6223569550483141,-0.0616546402774477,0.004010486518675561,False,False
2817,2817,0.19848961639391746,0.26288138396124366,-0.06241875449258055,-0.016434951864730474,False,False
2494,2494,6.643247203132249e-38,2.7046855554041862e-37,-0.06304349222075538,-0.022809462230536533,False,False
854,854,5.5928683050217826e-40,2.337976497085162e-39,-0.06326272441771383,-0.02472759705343091,False,False
1809,1809,0.5044394312561788,0.595535494020819,-0.06335645630604851,-0.006459280462959561,False,False
1981,1981,0.4676232272425931,0.5609966606531998,-0.0634556237866806,0.003026128690063905,False,False
2109,2109,3.632124788522188e-39,1.503507164900119e-38,-0.06360123195750347,-0.019902836486461982,False,False
1830,1830,1.7388459610861524e-39,7.218034702802378e-39,-0.06384783089378046,-0.020499658649367418,False,False
2517,2517,0.5048888308722386,0.595829045737099,-0.06390615686157962,0.002659852869988183,False,False
319,319,6.876105906859052e-40,2.8703631971248477e-39,-0.0639197303907568,-0.02056991291281476,False,False
929,929,0.19332304901650404,0.2568410069297153,-0.06406691663676278,-0.015384088276880828,False,False
2242,2242,0.3724611553918522,0.45888946002615916,-0.06413148873228224,-0.007162497504913229,False,False
621,621,4.019950376753204e-39,1.6594176242285829e-38,-0.06424339367799384,-0.02221060488074105,False,False
2630,2630,1.1476412177129211e-38,4.711202121952904e-38,-0.06425468810114347,-0.021970402253242,False,False
44,44,4.9377061967288524e-40,2.0670115644416412e-39,-0.06431655617256245,-0.021214062519109546,False,False
85,85,2.0482285605271577e-39,8.490422301179614e-39,-0.06439764330521534,-0.02302660336898898,False,False
1701,1701,1.4174153166008776e-39,5.89200092390953e-39,-0.06459743877539736,-0.01976000470912772,False,False
1034,1034,2.868664367259867e-40,1.2025700341846448e-39,-0.06466951831671132,-0.02267308252664066,False,False
1748,1748,0.4849274115650193,0.5777982203740809,-0.06477814215591193,-0.002413324320723949,False,False
1059,1059,1.0913698284221779e-40,4.5880816582960675e-40,-0.06494075645495333,-0.02175464381876534,False,False
96,96,7.52794477273039e-40,3.1380533827898596e-39,-0.06511289496509348,-0.020551494427934712,False,False
2095,2095,2.130846781569038e-40,8.945336984012594e-40,-0.06513250636174968,-0.022473289474464184,False,False
452,452,9.919498472053868e-42,4.20586735215084e-41,-0.06514836638683394,-0.02252967201817197,False,False
348,348,0.2970313963825519,0.37562385362736006,-0.0651714443087966,-0.0065422331927679125,False,False
2456,2456,0.5071631127009266,0.5975625718524614,-0.06544442914583642,0.0016333044815083613,False,False
2210,2210,0.5350214123386487,0.6249285918225539,-0.06551305425437406,0.008337871509582227,False,False
2650,2650,0.5429550551323574,0.6324531411431855,-0.06583902935625316,-0.000567187247088028,False,False
2254,2254,0.5251528568865952,0.6150961638671723,-0.06590404606219498,0.007454710784185807,False,False
870,870,0.5111971751200132,0.6017880120220164,-0.06608497852897495,0.004683268068175597,False,False
534,534,0.5130566750252066,0.6033091170660908,-0.06622193583809799,0.003204997395580333,False,False
140,140,9.15545143695054e-43,3.921122635623261e-42,-0.06630761007051686,-0.019958072469517918,False,False
495,495,8.620691681223782e-41,3.6292500581378986e-40,-0.0663989032986069,-0.020420034540560097,False,False
2677,2677,0.46694624934649775,0.5604110263082916,-0.0664520862461573,-0.003271927201174252,False,False
450,450,2.8391931219600835e-41,1.196978009371808e-40,-0.0664612926924363,-0.01684988393961499,False,False
1485,1485,0.474591311235364,0.5679786337687743,-0.06652367436048255,0.0035782765375718013,False,False
2799,2799,2.7709183709887836e-41,1.1698557219195887e-40,-0.06655745517932889,-0.020682733449766323,False,False
606,606,0.41540161173773826,0.5067455748613264,-0.0669582795577671,-0.008892810427552385,False,False
2058,2058,0.42191520617868983,0.5136359031740572,-0.0672429770179572,-0.0026502312817494765,False,False
1530,1530,0.4724433885503846,0.5658643975857713,-0.06739649672662337,0.0038676849538768153,False,False
1822,1822,0.5173935101555116,0.6074461780623254,-0.06739928942927821,0.002305020664801081,False,False
1719,1719,0.4962969782180341,0.5892037725404501,-0.06743197822547228,-0.0005736476253625114,False,False
1273,1273,1.1682486860250123e-41,4.946308274068812e-41,-0.06748894277591998,-0.017491283277235512,False,False
1236,1236,0.5392635500772729,0.6293882094492119,-0.06749592923520766,0.0024931394172374227,False,False
1228,1228,0.4739153060578716,0.5673983978942165,-0.06793959173756615,0.0025016756912495924,False,False
718,718,0.5113576032073872,0.6017880120220164,-0.06824831659327456,-0.00032609921996871983,False,False
1220,1220,3.899977070669398e-42,1.658328358989509e-41,-0.06827711507976394,-0.021941129557511856,False,False
2867,2867,0.5140664973032446,0.6040179588266151,-0.06830216450401874,0.0003574253645334399,False,False
2838,2838,0.261684932551251,0.3365168456724927,-0.06832435992320898,-0.005463579517656237,False,False
497,497,0.4957369339865899,0.5887743977879948,-0.06852368873929392,-0.0007934608729878861,False,False
411,411,0.45167211530344265,0.5440595934336923,-0.06869644764241693,-0.00030040411126035444,False,False
634,634,2.864651413831854e-42,1.2198400855456159e-41,-0.0689607031212809,-0.01928448496752605,False,False
844,844,0.2929185186906173,0.371076266846498,-0.06931542943121557,-0.009859410338222754,False,False
778,778,0.4998931785663844,0.5920522561791816,-0.06940617782364214,-0.004519791414802606,False,False
1735,1735,0.445759572138139,0.5380294469727517,-0.06955103776916267,0.0014759371378588592,False,False
150,150,1.4327211244469732e-42,6.118440715623908e-42,-0.06960943511648002,-0.017573367353623533,False,False
642,642,1.2061053049763017e-43,5.225869409006808e-43,-0.0701435460493369,-0.02020083361860589,False,False
187,187,0.4867655002661352,0.5797431800922509,-0.07014744244729461,-0.0007519310930502133,False,False
587,587,0.47668741079457855,0.5700274920379973,-0.07023094716224032,0.0014670483480469583,False,False
2360,2360,5.559014241033817e-44,2.422783299175972e-43,-0.07037382544438436,-0.021070801801206632,False,False
2936,2936,0.4842772184964045,0.5774748029318315,-0.07039627623429788,-0.0018904807735365776,False,False
127,127,0.5037895267304606,0.5950049006510175,-0.07057646736179962,0.004883192737061496,False,False
1235,1235,1.3630330904025572e-43,5.897204391129431e-43,-0.07101336174222016,-0.02070438732350704,False,False
381,381,1.4534073884610776e-42,6.197863691023676e-42,-0.07105136184637408,-0.01961892873380955,False,False
1241,1241,0.41046900009837095,0.5013464988855822,-0.07143650137346325,-0.0009569532572977525,False,False
1783,1783,0.41958277330644533,0.5114257376482668,-0.0717567580941891,-0.004120347391730016,False,False
2636,2636,2.000978262207748e-44,8.759444664059875e-44,-0.07192746028047166,-0.02057998453146656,False,False
1677,1677,1.02353001341494e-44,4.493841834046659e-44,-0.07195839565979562,-0.01907962963912133,False,False
2191,2191,0.444621432823325,0.5368740490722654,-0.07212676734679753,0.0009094620699473192,False,False
1331,1331,0.45873828059308086,0.5516755335495397,-0.07215361864201891,0.0008607041761580747,False,False
2746,2746,0.20549534571228054,0.2713123603532245,-0.07229548299910117,-0.008310856105541043,False,False
1967,1967,0.4414507951471368,0.5341320668555655,-0.07250582181194977,-0.008135277122218232,False,False
333,333,6.349782844721047e-44,2.763365906617605e-43,-0.07320182485107588,-0.020297976856178634,False,False
1833,1833,0.5003651708604341,0.5923748811782084,-0.07327131994997628,-0.0012558026354892288,False,False
1808,1808,0.437184547070935,0.5296178513087899,-0.07331233562883356,0.0015879177170294147,False,False
2208,2208,7.965737080292324e-45,3.5025640969344615e-44,-0.07333972403393527,-0.015686137238068998,False,False
2743,2743,1.0260492676686998e-44,4.498248488095571e-44,-0.0733584338652889,-0.021522799118216158,False,False
2321,2321,5.387460256510112e-47,2.3865644837794046e-46,-0.07358619263960965,-0.018266773904162318,False,False
1430,1430,0.401136512456468,0.4911605482552793,-0.07424184328355418,-0.000620123342918749,False,False
921,921,0.43091647716951953,0.523306098297518,-0.07434720545666552,-0.0019130038457637272,False,False
972,972,0.031152095898769157,0.048281681789841706,-0.0745323484752591,-0.011213903564224421,False,False
375,375,6.5594413408302145e-46,2.892781857293325e-45,-0.07455656712589817,-0.021548850476148247,False,False
1324,1324,1.0611844134227474e-46,4.693882770549499e-46,-0.07469287950008047,-0.019913689326337598,False,False
553,553,1.531656588216091e-46,6.764816597954402e-46,-0.07481043232917411,-0.02202686393601428,False,False
2234,2234,0.48168688371163204,0.5748478773044325,-0.07497632034484698,-0.005347853717241264,False,False
2435,2435,4.553221862817049e-48,2.03830505110724e-47,-0.07564134769621535,-0.017430854288818087,False,False
290,290,0.32355947535681373,0.40485856781577706,-0.07572967489538522,-0.0053011064817068895,False,False
2849,2849,0.26247659341905144,0.33738870908087687,-0.0759212884253139,-0.0065520785048278725,False,False
1120,1120,2.0514379436045386e-47,9.142143868796202e-47,-0.07625472382051755,-0.019691073399083537,False,False
2692,2692,0.4417277950070311,0.5342494277020653,-0.07653720599636694,-0.005344268636605027,False,False
2116,2116,0.16075764323538566,0.2185655909860855,-0.0768246474531877,-0.008855041620389324,False,False
773,773,1.2655514146559553e-48,5.68253645794081e-48,-0.07701369669491973,-0.021003766185086307,False,False
73,73,0.45794217947653215,0.5509413817131525,-0.07740494043045186,0.00316429688617508,False,False
650,650,0.08344980717384126,0.12034938177451937,-0.07784710715401291,-0.01372270009530764,False,False
416,416,2.1793571421975163e-47,9.697649172477105e-47,-0.07811310653947591,-0.021269397833013362,False,False
2376,2376,0.39497110417097736,0.4845465075230262,-0.07817188429763719,-0.002902056098547965,False,False
2770,2770,0.19499719794513692,0.25860218208273744,-0.07828408080768659,-0.002391514515426262,False,False
2326,2326,0.40347102583934824,0.4938152596664683,-0.07835126925646302,0.003444008526119453,False,False
2558,2558,0.433663048865933,0.5262109276508949,-0.07855708176809993,0.00394270152556208,False,False
1359,1359,0.422144981990887,0.5137049227342979,-0.07919417285557058,0.0016304605156869862,False,False
2863,2863,1.4717115538595644e-49,6.6687631936720416e-49,-0.07942426464844908,-0.016442856405737873,False,False
2036,2036,0.39687294425573316,0.48634141145789267,-0.07958572990519958,-9.666941483970831e-05,False,False
1654,1654,3.57177181665158e-50,1.6284206992045912e-49,-0.07974592863736985,-0.019293300925821173,False,False
1199,1199,2.008124696624719e-49,9.057924163498733e-49,-0.07976332844462511,-0.020329303211701566,False,False
2105,2105,0.22394268956320992,0.29293164505227287,-0.08015924258401974,-0.002441221110833188,False,False
990,990,0.12787689222338555,0.1780199887987844,-0.08016402047703902,-0.004313979072015146,False,False
144,144,0.3574506915875427,0.44204735526326117,-0.08027837684733266,-0.0059952186269494065,False,False
2559,2559,8.568003314055496e-50,3.894308397567644e-49,-0.08055702031667021,-0.015456465985913118,False,False
55,55,0.19813252209665155,0.2625255917780633,-0.08060304448637845,-0.002960797518856761,False,False
1271,1271,0.22679363179485806,0.2962691457601843,-0.08061069301169124,-0.005526895559297092,False,False
761,761,1.7331679935281313e-50,7.950606808023946e-50,-0.08084768712000187,-0.017186394975577803,False,False
1723,1723,0.38957943217848234,0.478391292803366,-0.08087311603136568,0.0008424867199962086,False,False
824,824,5.197189902541064e-50,2.365837366678202e-49,-0.08114782371804667,-0.016632427493354758,False,False
2839,2839,2.272489169178588e-50,1.0392523658123343e-49,-0.08125916098664898,-0.019566513660456582,False,False
864,864,1.3851936031780889e-49,6.286322040110959e-49,-0.08129505161610091,-0.01602746300172545,False,False
2649,2649,9.69817484848335e-51,4.455755874659224e-50,-0.08143478751992696,-0.015858678954667502,False,False
63,63,0.13281297188263264,0.1842004208166606,-0.08164331110964027,-0.010468987600574815,False,False
1262,1262,0.1648853796978423,0.2234610990608201,-0.08187580612493205,-0.008351136754883373,False,False
2691,2691,1.8763429857599467e-50,8.59411416934494e-50,-0.08210553866889435,-0.02007427380388112,False,False
2145,2145,3.20089202408787e-51,1.4844136761707496e-50,-0.08245209983375643,-0.020621522033761934,False,False
2779,2779,5.38371597100042e-51,2.4889204052849294e-50,-0.08252300774326138,-0.01618979182437522,False,False
1395,1395,0.43038880380888933,0.5228792344268455,-0.0825761127611731,-0.008740185120740573,False,False
1675,1675,2.2830617884482108e-51,1.062088932306315e-50,-0.08269747608087494,-0.018635393936915094,False,False
666,666,3.593786172414835e-51,1.664018308849802e-50,-0.08274321540431769,-0.016665036936738275,False,False
1728,1728,1.4805201512692154e-53,7.087393240269405e-53,-0.08286240206859452,-0.01953820520312793,False,False
475,475,6.376453809874635e-51,2.9387134949857014e-50,-0.0828624799982332,-0.01929172345418131,False,False
1246,1246,1.2977662605973404e-51,6.046735104321673e-51,-0.08301900570834972,-0.0161964362169086,False,False
1892,1892,2.4185737156553257e-50,1.1043579673946165e-49,-0.08327469554006216,-0.016430651365134562,False,False
1374,1374,9.438780495083072e-51,4.343302404559156e-50,-0.08352444659586199,-0.015746137204226695,False,False
1473,1473,0.3296490533619729,0.4110917606631662,-0.08358191722709359,0.00015693536955350938,False,False
2314,2314,0.41662039601576206,0.5080235560290804,-0.08366898928041819,0.003029718315986484,False,False
41,41,0.3264136895320596,0.4073994241089794,-0.08396143502929472,0.0038959502661581043,False,False
9,9,0.31201169689483454,0.392394371349097,-0.08396270676038098,-0.006136917162264929,False,False
2289,2289,7.612317360031406e-53,3.5919487956396205e-52,-0.08428301504231174,-0.015685251911629314,False,False
2246,2246,0.15615597830474112,0.2128679125330175,-0.08432610475803963,-0.008841496156414524,False,False
930,930,2.502568196624135e-53,1.1922347363692508e-52,-0.08437135366220454,-0.01740199420340544,False,False
2062,2062,1.0132162269348739e-51,4.735788600854655e-51,-0.08437496529787265,-0.017453882838585125,False,False
931,931,1.7459132204386473e-52,8.212156003584636e-52,-0.08438955157644895,-0.017022192861535546,False,False
2673,2673,2.4779694355128217e-53,1.1824137113508126e-52,-0.08485212578823367,-0.017253492954369506,False,False
1201,1201,4.0127354703797494e-52,1.8814848145477245e-51,-0.08504931061552018,-0.013512194568494661,False,False
412,412,0.37968734750212707,0.4668235490415547,-0.08520324147021108,-0.0031799156467220645,False,False
1854,1854,2.1743456471595055e-53,1.0392041675957187e-52,-0.08530879884531066,-0.01882845872005017,False,False
341,341,1.61928826592763e-52,7.6286469417035e-52,-0.08543741768309576,-0.014711679207231279,False,False
377,377,0.13142947177966893,0.1824521385603636,-0.08544945378142725,-0.00398303560648877,False,False
2629,2629,0.2539799381095639,0.3278871058326166,-0.08545370161854211,-0.006076555095842416,False,False
2144,2144,3.325007106347088e-53,1.5764570433926767e-52,-0.08558094526692754,-0.017450355292819957,False,False
1375,1375,1.0803875034218157e-51,5.041808349301807e-51,-0.0855835142577748,-0.01715275658703235,False,False
2279,2279,2.9307408976490934e-53,1.3939806064459149e-52,-0.08561769312240487,-0.016251074357296343,False,False
1847,1847,6.981646416737037e-52,3.2683795843652247e-51,-0.08597996920198954,-0.01727837080912978,False,False
2362,2362,3.1712273003517565e-55,1.5404586951626865e-54,-0.08600752673456138,-0.01932232389572692,False,False
920,920,1.2285636877275758e-53,5.890754483320589e-53,-0.0861450698595889,-0.019334947816972894,False,False
2444,2444,5.590920224686043e-53,2.6465472451145415e-52,-0.08675490421617492,-0.014274682049648274,False,False
1841,1841,2.5543109888247458e-52,1.199556173232887e-51,-0.08683294403123283,-0.017514078672839602,False,False
2029,2029,0.26013927000928144,0.33481932063640385,-0.08713229327120414,-0.004556406594322379,False,False
840,840,0.21842241834124893,0.28710262960001187,-0.08717762917440532,0.0009197139835745555,False,False
2223,2223,5.863868161034063e-55,2.843784428423055e-54,-0.0873937176494313,-0.01596725023369408,False,False
2535,2535,0.2666207227005068,0.3421229161154795,-0.08797565151585457,0.0035315810837348283,False,False
1307,1307,0.2610699410706431,0.3358715149968221,-0.08799229721949424,4.240160497182157e-05,False,False
406,406,1.879945852400181e-55,9.177104095269305e-55,-0.08826844559677982,-0.016293061917710457,False,False
2775,2775,0.17556085780580574,0.23641770688186545,-0.0886802196772828,-0.0010393340855706895,False,False
1282,1282,0.2563299324871811,0.33063330709341743,-0.08890398850448908,-0.0001588160518370048,False,False
362,362,0.29343801468223446,0.3715546192734095,-0.08893162279103695,-0.004802771342244491,False,False
70,70,0.22696643360625293,0.29636444124212874,-0.08896071237999666,-0.0039003852679495073,False,False
1931,1931,0.3729909691001184,0.45935153372993837,-0.0891890747731135,0.00408433663876657,False,False
2810,2810,0.1751908909282121,0.2361337712420225,-0.0892302209505252,-0.0027329649047761065,False,False
1082,1082,0.22376638227250345,0.29283008050475756,-0.08926899182751162,1.3428622267720866e-05,False,False
1528,1528,0.34921202304033416,0.4325798348846877,-0.08934356591503416,-0.003861492144175925,False,False
2028,2028,0.3448445188666549,0.42824206359674966,-0.08949347415598403,-0.0007789537575629207,False,False
1995,1995,0.2889805379601078,0.3671636287095891,-0.08973222520815276,0.0027236853505607874,False,False
954,954,3.3271990505763704e-56,1.6376661330200113e-55,-0.0897439801551585,-0.015246492036288972,False,False
1666,1666,0.2949907144134833,0.37320223375073247,-0.09040017542482674,0.0013003221506117625,False,False
2733,2733,4.370719976397896e-56,2.147731273170357e-55,-0.09074928189933124,-0.013744311789482384,False,False
1941,1941,0.03541060794116045,0.05442707631764072,-0.09076346240634066,-0.008472513027014034,False,False
2622,2622,6.841837572254286e-57,3.3844289857417866e-56,-0.0908044547398967,-0.014188784563114681,False,False
898,898,0.34060688867541955,0.4239651404918812,-0.09084197332621857,0.0016527939216282122,False,False
889,889,0.3504479642211038,0.43392972791332335,-0.09104045654694078,-0.0003895713918859989,False,False
431,431,0.3240650126263269,0.4053202517804207,-0.09124515658779288,0.0023212319731411146,False,False
1912,1912,1.7408313709053344e-57,8.64011289104855e-57,-0.09188848691695972,-0.01747735347673525,False,False
933,933,0.06651548564743724,0.09804264601260687,-0.09200016412002038,-0.00818374424127219,False,False
2602,2602,7.404690986097553e-58,3.681260108331246e-57,-0.09205366550419777,-0.01719649544516925,False,False
1233,1233,0.19359020317335374,0.2570808604109682,-0.09218382143692495,0.002283749428384298,False,False
1232,1232,2.815428784411268e-56,1.3880718658027644e-55,-0.09228441382069172,-0.014934958924374481,False,False
2108,2108,0.25229168581569633,0.32602452760242356,-0.09247443012893124,-0.0006765564018917001,False,False
714,714,1.1319120942426083e-56,5.589875367241367e-56,-0.09253322972082749,-0.015209875726602715,False,False
976,976,1.5766284427320556e-58,7.891118411515583e-58,-0.09271051830519231,-0.01653362677108389,False,False
2077,2077,0.13969579625740344,0.19272417547819673,-0.0927285630473883,-0.0030783112296070923,False,False
2858,2858,0.3743969866774908,0.46070076967611634,-0.09278707476988654,0.005418887652068144,False,False
1552,1552,7.811993705757492e-56,3.83239625102285e-55,-0.0929156049291173,-0.011778474855499751,False,False
392,392,0.22994221820562608,0.29945963301197814,-0.09312848989136734,-0.007092676433498496,False,False
2707,2707,0.3020984801426031,0.3815439527928706,-0.09333124836733697,-0.002664282452382697,False,False
1702,1702,0.1902596963424724,0.2537936084244755,-0.09345125574911507,-2.9660860192528735e-05,False,False
945,945,6.9875175947065935e-62,3.6005125383835366e-61,-0.09367933151147846,-0.017214345463720027,False,False
2892,2892,4.342775583091349e-59,2.1846369373923938e-58,-0.09368030428834741,-0.015627892370690843,False,False
934,934,0.22448769687287914,0.2935151913298261,-0.09409364174825036,-0.00361611443780608,False,False
2464,2464,0.2155150320308206,0.2836579224246011,-0.09418363368573601,-0.0069930980414762405,False,False
562,562,0.20775970335318727,0.2740581331343377,-0.0942330121889433,-0.006760803711434516,False,False
2758,2758,1.2736230913394094e-58,6.396130854645292e-58,-0.09433635898235279,-0.01689387430425994,False,False
760,760,0.08411238018678999,0.12119193505891243,-0.09448433661727564,-0.004898644998862753,False,False
2756,2756,0.062375111058756684,0.09251840560839072,-0.09452490100962621,-0.005522799714223174,False,False
1587,1587,0.11239834660730368,0.15847899892184195,-0.09504041363112964,-0.005482177087036977,False,False
2865,2865,1.508084050789969e-59,7.612233780177939e-59,-0.09508525474830597,-0.015136180324945058,False,False
1008,1008,3.717320449360532e-62,1.9187838423829666e-61,-0.09515079088720038,-0.017395963365613876,False,False
2837,2837,2.0144941874607277e-60,1.022054486903152e-59,-0.0951537360900964,-0.01320630163220816,False,False
2702,2702,0.2270790134777293,0.2963810518917769,-0.09523592817769073,-0.0020438174817533575,False,False
1384,1384,0.15098085976733136,0.20669335414642043,-0.09533098978247322,-0.00020837702451738008,False,False
1980,1980,1.6920825821510014e-58,8.454715663003657e-58,-0.09544452381872946,-0.02009404998258104,False,False
221,221,1.698870879481376e-60,8.633987620377953e-60,-0.09548776670650577,-0.01741701509678059,False,False
1870,1870,0.2536300642144066,0.32757790713157475,-0.09553905750899308,-0.0033104568665349907,False,False
76,76,0.2887146755931525,0.367051382018533,-0.09560542954403332,0.0014736913345159371,False,False
1021,1021,4.9443951242825724e-60,2.504260192640047e-59,-0.09562283892454161,-0.0149624309192642,False,False
702,702,0.33057401186960744,0.412072098794202,-0.09583750283233652,-0.0029680165827753015,False,False
1103,1103,0.2815567351234834,0.3591149075403948,-0.09586113902610724,-0.007467869682019302,False,False
1895,1895,9.259879202266264e-61,4.7222201842485e-60,-0.09610231446261698,-0.016137138862611627,False,False
1514,1514,2.7480297907860675e-61,1.4110990344382435e-60,-0.09636484060470123,-0.017469030184837073,False,False
236,236,2.905955359367258e-66,1.5825459645141326e-65,-0.09674775997684727,-0.016231948846016756,False,False
71,71,1.2359676317581208e-60,6.292198852586797e-60,-0.09684134809843475,-0.01651696986141689,False,False
781,781,1.4261547031433252e-58,7.150045876569914e-58,-0.09687105272691346,-0.01596600543655492,False,False
2833,2833,6.168611337151766e-60,3.1189844035206885e-59,-0.09688314525705226,-0.016201716496025736,False,False
905,905,0.214372078857013,0.2822787622216569,-0.09702669568232984,-0.004428664918442402,False,False
2785,2785,0.19930349221860386,0.26372392550370766,-0.09723535430529638,0.0038873202788996856,False,False
709,709,0.1462014917262145,0.20089167937194657,-0.09726132032654052,-0.004550828786872476,False,False
2680,2680,0.024717418608691494,0.03908433587138858,-0.09740414855904593,-0.0076308070013489165,False,False
531,531,1.5123735529971319e-62,7.888795615633545e-62,-0.09756043712121028,-0.01573104508419391,False,False
1469,1469,0.2814653288786978,0.3591149075403948,-0.0975860371754659,-0.001133078589839434,False,False
382,382,0.02234814862068191,0.03550819331166162,-0.09764123134591092,-0.004928010579589182,False,False
1948,1948,8.263791590434993e-61,4.22150317390896e-60,-0.09767959825681238,-0.014341522845815347,False,False
383,383,0.344070636900217,0.4274598787441792,-0.09798965274499268,0.0035661723971861107,False,False
2812,2812,3.87307375331652e-63,2.0238174119442663e-62,-0.09824292608609905,-0.01592137784470062,False,False
2690,2690,0.14101064729006033,0.19438903908820207,-0.09832159336910973,-0.009699713287044328,False,False
2363,2363,0.2453541705463691,0.3178573453433538,-0.09836484398266919,-0.004064457294943531,False,False
636,636,0.3254559480477063,0.4063749490137115,-0.09843656763410309,-0.0015203571598545408,False,False
2462,2462,0.30450398273810114,0.3837655289879763,-0.098938284568176,-0.0006937295577301992,False,False
762,762,0.2857332048750823,0.3639725974546113,-0.09906218156685756,-0.006602365523920906,False,False
2962,2962,1.3911117676523275e-66,7.617748572679167e-66,-0.09912888665033205,-0.015340739045154077,False,False
60,60,0.31118959406290336,0.3915263735390832,-0.09919575414320438,-0.0017335469526112233,False,False
2469,2469,0.3252675993512508,0.40631070491351534,-0.09920755510900538,-0.001293617116266627,False,False
253,253,0.23445557719316468,0.30480251997779795,-0.09951214662874366,-0.0027491922377140742,False,False
2434,2434,6.350053944054737e-65,3.408130218074948e-64,-0.09966313194463493,-0.02046433273037531,False,False
2033,2033,0.27383048452383696,0.3510707896616623,-0.09984021260466208,0.00332806731506313,False,False
957,957,0.18010100700658443,0.24187320759979303,-0.09985912700131723,-0.005810811442240232,False,False
304,304,3.725970990059494e-63,1.9538307241160035e-62,-0.10002569018325616,-0.014640171060374213,False,False
1020,1020,2.360980597877328e-62,1.2229302643106299e-61,-0.10014026556270675,-0.010054371199792732,False,False
2722,2722,2.5838981858358244e-62,1.336064427798036e-61,-0.10023569846694763,-0.014633870193488536,False,False
2798,2798,3.863999400492369e-63,2.022636723220697e-62,-0.10061225179378283,-0.014647918860731395,False,False
547,547,0.19955142861870379,0.26393433161333013,-0.10063966891864362,0.0037904893018828635,False,False
697,697,0.017543858537805993,0.028191755354741846,-0.100640409250211,-0.007364448492904757,False,False
2814,2814,2.8078942722371984e-63,1.4750141946902663e-62,-0.10095899165936807,-0.016761207927036892,False,False
440,440,1.732082123581513e-62,9.003186940087444e-62,-0.10140430176895798,-0.01571022252060147,False,False
600,600,0.08436302453907604,0.12148930462492853,-0.1015304182927634,-0.000907454077924133,False,False
1467,1467,0.30022090702341775,0.3794955928643543,-0.10155473485930623,0.004501548066602812,False,False
153,153,0.032807607584517263,0.05063597468062779,-0.10168697742528959,-0.00518091699075687,False,False
2610,2610,1.1080604359631699e-64,5.9256277007904295e-64,-0.10203835208895413,-0.01352202401473558,False,False
1135,1135,0.016165195871900188,0.02610353718596287,-0.10243788794112535,-0.008267890992922989,False,False
1188,1188,3.609062031114452e-64,1.9128028764906596e-63,-0.10252161930703525,-0.01257668186495677,False,False
1760,1760,2.777844333821857e-64,1.4748912312671328e-63,-0.10252239188534967,-0.012802892064789953,False,False
855,855,5.598162636723614e-66,3.0431037922702724e-65,-0.10255722374660724,-0.014769888245068445,False,False
1562,1562,0.3125221349834381,0.3928698418597392,-0.103294087717994,-0.0004859933294729755,False,False
1300,1300,2.3251403450704605e-64,1.238961677588712e-63,-0.10330917892268553,-0.01491389192766944,False,False
1044,1044,0.11102814272706399,0.156845086917623,-0.10341088054416482,0.0002247554713796065,False,False
726,726,0.2851112102221454,0.3634922989430101,-0.10342369535105168,0.0012496895063266547,False,False
2141,2141,3.278670290026381e-68,1.825721092082232e-67,-0.10345704772483713,-0.01740072182963866,False,False
2269,2269,2.7970533913366146e-67,1.540195633671071e-66,-0.10346466333159565,-0.015494829031208392,False,False
1511,1511,1.6468563513931608e-65,8.919470165939601e-65,-0.10350475006900574,-0.013925370811076174,False,False
131,131,0.17334562815499777,0.2338590110745606,-0.10367067469817264,0.0028997184138437973,False,False
2079,2079,2.694017189235705e-66,1.4698240841271272e-65,-0.10373978182839774,-0.012909788404760614,False,False
312,312,6.900377650941652e-64,3.6441852078282607e-63,-0.10398724269335075,-0.007113596230410291,False,False
283,283,4.484605110382447e-64,2.3726039157959183e-63,-0.10398934880901659,-0.008524556369490732,False,False
105,105,3.147350517903992e-65,1.701518458495273e-64,-0.10399509410444696,-0.011390255950347043,False,False
2906,2906,0.18461147876181727,0.24714788857242834,-0.10405332047682428,-0.0018959081544846494,False,False
1838,1838,1.763542974647782e-63,9.296972555514418e-63,-0.10452574926091308,-0.011610694319603128,False,False
937,937,0.13954002069208538,0.1926301308902834,-0.10457449895255316,-0.005559103604593051,False,False
754,754,0.11323124730891257,0.1594261584501198,-0.10465837727629462,0.0015121865208505224,False,False
1633,1633,0.1511844327506523,0.20687662351495437,-0.10476452433019028,-0.010157816288993746,False,False
1138,1138,6.471468674764104e-66,3.5113928750822413e-65,-0.10487787164602454,-0.01304680234159149,False,False
2771,2771,5.7578893330211926e-65,3.095908612392554e-64,-0.1049208350619932,-0.01006260157694855,False,False
2461,2461,1.839092988405728e-67,1.0145776932320076e-66,-0.10496027149000473,-0.014317733477042927,False,False
2854,2854,0.00669345906767714,0.011294023031759949,-0.10507145155571523,-0.00918268115569361,False,False
2903,2903,0.21386837546332801,0.28174049639376725,-0.10511467848806984,0.0016419400288275742,False,False
2172,2172,2.02809907956732e-64,1.0826255518265838e-63,-0.10535926049109076,-0.009671252425379476,False,False
2010,2010,0.13973801402597014,0.19272417547819673,-0.10538952288752212,0.0007803465737600101,False,False
922,922,1.8800238641310826e-68,1.0508306645463377e-67,-0.10558408884227455,-0.013911096233724699,False,False
1311,1311,0.28547266120174936,0.3637968477659047,-0.10591332236667364,-0.0003504871214554782,False,False
1190,1190,0.24380993718437677,0.31599471334638873,-0.10603026235011878,-3.607467926814887e-05,False,False
1218,1218,4.0719381470467355e-68,2.2632045731151144e-67,-0.10614940790819075,-0.013362540207344422,False,False
1364,1364,0.188714664289836,0.2518458289623351,-0.10632807252171426,0.0005217704720111584,False,False
2351,2351,0.2120756049371343,0.2795028398993848,-0.10660806917876472,0.0013955391815018072,False,False
1249,1249,0.15311988178271294,0.20923563956311786,-0.10677048378310701,0.0015369514868644216,False,False
832,832,0.07467943680629203,0.10886471927361235,-0.10684191620610674,-0.0034254082020247463,False,False
1025,1025,0.06689292074115202,0.09848124442447381,-0.10715174832609392,-0.005020647793819453,False,False
2110,2110,0.1782453262212119,0.239923867675536,-0.10716596645430823,4.414765594172923e-05,False,False
1277,1277,0.07638229120695222,0.11118324683778039,-0.10726540904000097,0.0018426474391000144,False,False
289,289,0.031962336501769155,0.049434192150729986,-0.10728596667714052,-0.004245619036034737,False,False
576,576,0.19297777444302658,0.2564971045888504,-0.1077493410113361,-0.005112646378374383,False,False
2437,2437,1.7527198869407433e-67,9.687286079031892e-67,-0.10784148609099369,-0.012797261437897958,False,False
693,693,0.25727160714883895,0.33170379236218683,-0.10791151762796719,-0.003420738821281888,False,False
118,118,0.021282841821077585,0.03396100780911735,-0.10793474771426742,-0.01288170724107725,False,False
444,444,5.558689277817781e-70,3.136537980335204e-69,-0.10796059079478848,-0.014353901635825542,False,False
2705,2705,3.2104410492427498e-68,1.7910881643143765e-67,-0.1080265783881414,-0.012087204924433253,False,False
648,648,0.1734600457567437,0.23390704943480933,-0.10811575699800534,-0.0003972173187031738,False,False
2448,2448,0.1691162769783063,0.22846477472535873,-0.10837846093807177,0.0016787308461106852,False,False
1426,1426,0.06800424326274623,0.0999685953461272,-0.10854212527181356,-0.005030451205693006,False,False
1452,1452,0.13049282493511552,0.18123664221217728,-0.10893741714976146,-0.001533308234483814,False,False
1330,1330,0.06304462782758864,0.09341810054532355,-0.1092103259046325,-0.003485669232172076,False,False
1527,1527,0.22165396581435318,0.2905781671983217,-0.10936185152148843,0.001259509823761349,False,False
1581,1581,0.1010153204729267,0.14373877093842655,-0.10944609883535093,-0.0009492097103712053,False,False
573,573,5.847108805611025e-68,3.237727413256254e-67,-0.10955632913359012,-0.009286259955518784,False,False
806,806,5.5241471931412364e-70,3.1229845465225124e-69,-0.10970881056418244,-0.011480569861455217,False,False
2920,2920,2.3727818057805588e-70,1.3439725953352479e-69,-0.10993563687006805,-0.012674347247754132,False,False
2656,2656,0.026657961139482825,0.0418850337014214,-0.11010502567321609,-0.00337674379090972,False,False
24,24,0.24957162044341713,0.3228982430148483,-0.1104541618751905,0.002574989859942237,False,False
2429,2429,0.04579002904395392,0.06891724452457162,-0.11075669795872085,-0.00019356710754566433,False,False
1195,1195,4.29409028861144e-67,2.3557966685025425e-66,-0.11093235023061332,-0.008347083647888718,False,False
1792,1792,0.2228126125272594,0.29183929125370955,-0.11098735148741347,-7.816125497091177e-05,False,False
1014,1014,4.526698703503059e-71,2.573801101915149e-70,-0.11131119845094598,-0.013745595189676761,False,False
1994,1994,0.1817407428481047,0.2435243904167832,-0.11134067617653277,0.0009713591183746927,False,False
2165,2165,2.3430921555174025e-72,1.3451252451790428e-71,-0.11154543747780665,-0.011744043539838616,False,False
1881,1881,0.22884639984954397,0.2981633515159993,-0.11157469233134493,-0.003684113328794753,False,False
1453,1453,5.021203995666598e-72,2.877014181300862e-71,-0.11166623379220642,-0.01030353323384693,False,False
2809,2809,0.00023518642989997255,0.00045983749930376716,-0.11229875910979063,-0.005461484817240283,False,False
1227,1227,0.19994280914863058,0.264334190446831,-0.11231262269173933,0.0013813257586485959,False,False
366,366,1.5949700297147753e-70,9.051378677234135e-70,-0.11272203662946766,-0.008587752087716307,False,False
2190,2190,2.2506316939798366e-72,1.2945493929713478e-71,-0.11290167788275171,-0.011851366251570785,False,False
1118,1118,0.038676885699368654,0.05898920696594356,-0.11290993304999312,-0.002565328733662794,False,False
1510,1510,0.16424652973493478,0.22269698504033184,-0.11317492136557507,-0.0018326110848199202,False,False
1203,1203,0.06645365856423228,0.09802905497944404,-0.11350689658776446,0.0006088113264993353,False,False
2811,2811,0.23212330522213104,0.3021675306575811,-0.11370070188878079,0.004321081357218069,False,False
158,158,7.246292141107593e-72,4.143929686860758e-71,-0.1137386569818503,-0.012299781012168977,False,False
647,647,0.06542302957852511,0.09665283812297785,-0.11374724066282715,-0.0010148686700987399,False,False
307,307,0.17550546471311604,0.23641770688186545,-0.11381336492696341,-0.00023361907623054056,False,False
1308,1308,3.827613810428962e-71,2.1804909384555008e-70,-0.1139116339074134,-0.008354038028427041,False,False
501,501,1.6418054394805171e-72,9.461900086171213e-72,-0.11392401262743215,-0.01281169124396319,False,False
1769,1769,0.22354852673788386,0.29267403059463576,-0.11410538311252605,0.0008328053954740522,False,False
2491,2491,4.5567721139566015e-73,2.6415038348092175e-72,-0.11432684167864449,-0.012906358929863488,False,False
1738,1738,0.07297551052096779,0.10669522917548394,-0.11441318402335353,-0.004046070435463824,False,False
949,949,1.0350868195466129e-72,5.988572476441222e-72,-0.11461197010317259,-0.0072544325351714695,False,False
1643,1643,1.278545285909098e-74,7.49945140035218e-74,-0.11464685570900854,-0.010798053678563516,False,False
1989,1989,1.5372599090679767e-74,8.999186213242121e-74,-0.11497109003239103,-0.010627592147881875,False,False
1047,1047,0.08209005559195405,0.11856120924424313,-0.11498571527578666,-0.0033677087285432093,False,False
1009,1009,0.18555484504298334,0.24818692207641935,-0.11514880252711793,-0.002067833048725748,False,False
2807,2807,8.063226306360831e-75,4.757784428882494e-74,-0.1151778709541499,-0.010653634411897917,False,False
2086,2086,0.21749405278713932,0.2860227966334949,-0.11521412939806022,0.0025924653688846593,False,False
2382,2382,1.4824862429669674e-75,8.800038338251919e-75,-0.11535601945176903,-0.013284681667763042,False,False
1409,1409,0.029525711074210242,0.046001212844228874,-0.11541895166584022,-0.004793256483907172,False,False
2754,2754,0.2545136927575697,0.3284333217845508,-0.11548156678689887,-0.008278083642086237,False,False
1875,1875,0.00010568246638518043,0.00021009079720778,-0.11633087422047397,-0.005486075163829909,False,False
1152,1152,4.390153787668777e-74,2.564955992480498e-73,-0.11642495208953207,-0.01199293912322697,False,False
2735,2735,0.13314696064216178,0.1844912134388124,-0.11647089429875826,0.002101671669817851,False,False
1788,1788,0.13043883070250656,0.18123664221217728,-0.11649279655806853,-0.0012422138101565554,False,False
2371,2371,0.24089500328088737,0.3126263094611603,-0.11655927121166317,0.0074785865432431455,False,False
2772,2772,0.013915539695547239,0.022743018621356942,-0.11699592172605923,0.0017806696821923184,False,False
589,589,8.96977620343792e-75,5.282201542024553e-74,-0.117188637019845,-0.01129989402774588,False,False
1279,1279,5.912053297091696e-76,3.5305783069956044e-75,-0.11737990859989364,-0.014642226756519397,False,False
2221,2221,5.971601481730104e-79,3.646854567443405e-78,-0.11752263807673625,-0.011444801362360191,False,False
2398,2398,1.2253610618456848e-73,7.131120846192142e-73,-0.11765839150730324,-0.011641170152061519,False,False
554,554,2.3286244319522468e-73,1.3525161084215791e-72,-0.11766019463790839,-0.011785636435521184,False,False
257,257,0.11597387606662801,0.16297843947242044,-0.1177492856818987,0.001219012724057079,False,False
2553,2553,0.042361838002272625,0.06401727861035904,-0.11813553117164013,-0.005195315656590081,False,False
1119,1119,1.0613967501478444e-74,6.2380704048293106e-74,-0.11813819555911405,-0.00590435119595602,False,False
1757,1757,1.3029578642528255e-77,7.892201920617115e-77,-0.11815288865503991,-0.012032480970576324,False,False
1534,1534,0.15620832664990303,0.2128679125330175,-0.11829943399694855,0.0017051060596065403,False,False
363,363,6.310378037845297e-76,3.7608839390210522e-75,-0.1187803633258695,-0.011082935879134228,False,False
790,790,0.14578126605616282,0.20040703921013953,-0.11903251575661272,-0.0023034963429629744,False,False
315,315,1.2811071813887245e-75,7.619892012748967e-75,-0.11922472014100012,-0.007345824871173795,False,False
1471,1471,0.1344454121285463,0.18620344526249435,-0.11938019648822348,0.006190123188688155,False,False
1615,1615,0.11112257782474046,0.15690381112456217,-0.11959694467794925,0.0024394648094087654,False,False
1207,1207,1.3735834192368899e-76,8.235950683424422e-76,-0.1196078712866405,-0.011209847059613384,False,False
1302,1302,0.21986222885722148,0.28848412698860887,-0.11986276838582162,-0.005174528635169423,False,False
152,152,0.09540146687064847,0.13639284858963616,-0.12000958043520053,-0.007762551654195415,False,False
202,202,1.9365566029266006e-75,1.1472455084802696e-74,-0.12009279518135062,-0.007674776268270401,False,False
2231,2231,0.19037778805173386,0.25383705073564516,-0.12017794372461207,0.0019834201739170835,False,False
2720,2720,0.08776265754997824,0.12614022644471448,-0.12021686894930957,-0.0006348963869305965,False,False
899,899,0.1412903048230485,0.19468413403658677,-0.12074831847583713,0.0017923378372352904,False,False
2202,2202,7.861542776664019e-79,4.791182538221522e-78,-0.12076272538188304,-0.015214604578778327,False,False
2759,2759,0.08304702558905316,0.11982672433072912,-0.12089904447413763,-0.004357505009306366,False,False
398,398,1.2016508840533324e-78,7.3084012784227265e-78,-0.12090999090114216,-0.01093130717959175,False,False
1439,1439,0.1479748814817198,0.20304643931472233,-0.12098628216993236,-0.0013736536717696003,False,False
2107,2107,0.16557819311611982,0.22419529067912575,-0.12103104602927725,-0.0013547183101865355,False,False
779,779,0.0231668143537439,0.03678924826212514,-0.1211514919962066,0.0013410400328250822,False,False
924,924,0.21868825724384744,0.2873106638086414,-0.1211746426413019,0.005603554099734285,False,False
1554,1554,0.01479135816897496,0.024028873040786908,-0.12123388260283738,0.002585634597086566,False,False
436,436,1.5649877826524771e-78,9.498739752377406e-78,-0.12153956832860142,-0.010068279536778843,False,False
2312,2312,0.062001577620976724,0.09201034118952946,-0.12155301119127238,0.0021689825046899173,False,False
1377,1377,0.1654705934161673,0.22415185817397743,-0.12171436213582391,-0.00022029584662178772,False,False
538,538,1.2476751412707525e-79,7.682779708073846e-79,-0.1218306126875963,-0.011483116161832242,False,False
13,13,3.610425554504917e-82,2.2896886849937165e-81,-0.12187429090645763,-0.010046250277426299,False,False
258,258,0.187164813866619,0.24988986394787457,-0.12205128784250875,-0.001196874429164263,False,False
2339,2339,0.22826990534954616,0.2976010228123414,-0.12210489723281959,-0.00033010355543718284,False,False
469,469,3.584848947430672e-80,2.2212592225415938e-79,-0.12215120178494919,-0.01122336491743574,False,False
1379,1379,0.06685183850793035,0.09846960629852966,-0.12243616628851318,-0.00528781121835056,False,False
1155,1155,1.1452532968285388e-76,6.880793087018428e-76,-0.12254642127566807,-0.00713228927901383,False,False
2241,2241,2.250645199594092e-81,1.4182409665382728e-80,-0.12291631766466186,-0.011561133126085034,False,False
64,64,0.06784312527647947,0.09978116740366257,-0.12306757909332462,0.0015300039424505012,False,False
1381,1381,6.3577449182353655e-80,3.923032623143984e-79,-0.12310133068855644,-0.014516898945908905,False,False
2344,2344,0.18597159462045992,0.24863229406915544,-0.12316930918263527,-0.001526317376778973,False,False
2857,2857,2.972310400029623e-79,1.8226895180346944e-78,-0.12335413846725247,-0.010378912442676795,False,False
2870,2870,4.047586988232812e-79,2.4769563259948423e-78,-0.12341285441914861,-0.0113111726689467,False,False
1131,1131,0.1207170074279663,0.16868553580329754,-0.12349976276144888,0.005682694429989242,False,False
1080,1080,0.19210014979511733,0.25590361067859435,-0.12356171783190413,0.0016067296017536884,False,False
680,680,2.3582969150358348e-81,1.4829290770818554e-80,-0.12357257927529407,-0.01086040637538973,False,False
1318,1318,8.802282938712742e-81,5.488482302962063e-80,-0.12381919164771565,-0.009487375160314402,False,False
1200,1200,0.13864220277587133,0.19156892823034735,-0.12396607087781757,0.004745563239619987,False,False
660,660,5.896561041244237e-81,3.684419614823768e-80,-0.12420920664782424,-0.010863186925003194,False,False
2443,2443,0.07658260871472825,0.111420187581036,-0.12444843451517441,-0.00483237450521822,False,False
2856,2856,0.028415204909033855,0.04431756603784156,-0.12450965231918276,-0.00019028317035678127,False,False
2518,2518,4.2516758320834774e-85,2.7432551890486435e-84,-0.12457576348307804,-0.014659703098800577,False,False
2146,2146,6.218589450390076e-84,3.977752907059859e-83,-0.12458695176068535,-0.00953417589329242,False,False
1444,1444,0.03972464113918922,0.06048874260558033,-0.12468020792552534,-0.0011909161234405316,False,False
2930,2930,0.04173580907731243,0.06316771103593233,-0.12477906780242201,0.002427537063065011,False,False
582,582,0.14487733428801738,0.1993490626642724,-0.12507681914889693,0.00302087342557074,False,False
2790,2790,2.7454749798150013e-81,1.7227420169325422e-80,-0.12525155587349884,-0.008238021469037897,False,False
2460,2460,3.0318789440257164e-82,1.9268986522201983e-81,-0.12541677073832733,-0.012504682218363499,False,False
2802,2802,0.0066327372510190516,0.011204305157099912,-0.12545482525886686,-0.007439361581030245,False,False
346,346,0.1941463702518713,0.25758892575214754,-0.12590228783882149,-0.0059335299214252225,False,False
2534,2534,0.01400610608339996,0.022828183885519538,-0.1260207382023743,-0.005863347960165097,False,False
1433,1433,0.00015327110392407046,0.00030206416762725176,-0.12610335436828254,-0.005100106362042697,False,False
1611,1611,0.01725680748068656,0.02777559902531329,-0.12620903837904496,-0.006663097837837,False,False
2611,2611,9.627030339065807e-81,5.99015221097428e-80,-0.12624799446488708,-0.00715747843586723,False,False
284,284,0.02728719078676547,0.042760497494783486,-0.12627114964468117,0.007645777463215775,False,False
1592,1592,0.15200478825636793,0.20790332329258066,-0.12659541285577455,0.002476554481462985,False,False
2749,2749,0.031121374890959713,0.04825926890092394,-0.12668984342362838,0.0032244451119344303,False,False
1960,1960,0.1592460104827167,0.2167089221057786,-0.12685920434677636,-0.0024290358597836427,False,False
343,343,0.08852137344263859,0.12710761314840413,-0.12732732315158155,-0.0001350382687921477,False,False
2195,2195,0.005943600472255384,0.010091879978062919,-0.127714817027108,-0.0029153559065145914,False,False
2219,2219,2.1806001095256294e-84,1.3978447354367316e-83,-0.1278132065549678,-0.01033129885268808,False,False
2377,2377,0.004284109122891484,0.00740549556012925,-0.12797626571635928,1.2094516616911071e-05,False,False
892,892,1.316375574168361e-83,8.402156352971388e-83,-0.12847902126440966,-0.012286494621145016,False,False
2861,2861,1.3038996686073636e-81,8.251544171485406e-81,-0.12849460853575856,-0.006722377249817631,False,False
1446,1446,0.18358759468089833,0.24588807807441618,-0.12866893149008876,-0.00023520611538629742,False,False
1563,1563,0.0035074191603516676,0.006134366569194903,-0.12898485062445264,-0.00179574854652276,False,False
478,478,0.05763201192905887,0.08582629774483028,-0.1290773811535084,-0.0021931689318925186,False,False
1136,1136,0.14629344310386044,0.2009250065396843,-0.12908343682387902,-0.004266344615609428,False,False
1565,1565,0.17918555821127088,0.24097088208928502,-0.12910302134824603,-0.0027527029497204573,False,False
27,27,0.13287871143656146,0.18420551870327623,-0.12963051195675554,-0.0021496226978400747,False,False
1386,1386,1.433082849142714e-85,9.266644654151581e-85,-0.12967653511875293,-0.004826071384833798,False,False
834,834,0.17999348710809304,0.24183823890304218,-0.12972543680677878,0.0007737167394598232,False,False
1668,1668,0.16351591373854538,0.22201062761939738,-0.12977667546022986,0.00030826677930722614,False,False
32,32,0.1924019447908223,0.2560757722597133,-0.12978897272362197,-6.919854761970818e-06,False,False
2834,2834,1.9575014790420368e-83,1.2467520149778467e-82,-0.1298683327238626,-0.007840506018988242,False,False
1037,1037,0.1001486878531213,0.14269865844842247,-0.12997025797317358,-0.0022227788402067335,False,False
7,7,0.146816044136932,0.20154949999926652,-0.1301079065719362,-0.005999951865183817,False,False
2916,2916,1.0910017321071433e-86,7.116688221745058e-86,-0.13074003149241137,-0.015062959996650842,False,False
2422,2422,0.004563416707892486,0.007842629293008047,-0.13088176132009585,-0.0052004509817672375,False,False
2548,2548,0.0814164736030423,0.11770291946119316,-0.13097238072553424,0.00506133104887854,False,False
2868,2868,0.07305647479580415,0.1067610128970688,-0.13121490632662436,-0.0018331569682883875,False,False
2352,2352,0.13794193443874653,0.19077896617623472,-0.13134409300947056,0.0017890054100641387,False,False
1284,1284,0.10102394749917715,0.14373877093842655,-0.13151510422707888,0.0010931847489613691,False,False
1440,1440,0.15750999705396848,0.2145432176485445,-0.1315152997229828,0.00070601617080595,False,False
2216,2216,1.0931052691586902e-85,7.083704014984699e-85,-0.13156577528739657,-0.01134889164194445,False,False
1970,1970,4.8933347247917327e-85,3.1435968535025677e-84,-0.1316651328894747,-0.011334246178701907,False,False
2167,2167,0.015161113423485341,0.02457574256739732,-0.1317351503184964,0.003331240149697537,False,False
2813,2813,0.0008725874117169696,0.0016237237855648689,-0.13215754722485884,-0.0006222992869939355,False,False
1247,1247,3.4547985830276633e-90,2.293924428283245e-89,-0.13240153975902344,-0.011400917168980418,False,False
2256,2256,1.0204853514827949e-88,6.730667829335412e-88,-0.13252916969656608,-0.010141872094847555,False,False
2902,2902,0.12701612132026552,0.17690466826773724,-0.13258042938598105,-0.0008148529929088918,False,False
1064,1064,2.255450038489602e-86,1.4680209899642846e-85,-0.13266478339122925,-0.010205620153637083,False,False
1816,1816,1.7525314816596531e-87,1.1482369619350662e-86,-0.1332375978104098,-0.0072059537978536444,False,False
2076,2076,0.00961202127014709,0.016000268721142213,-0.13330598577099528,0.0014371539255844672,False,False
847,847,2.6324201685326342e-86,1.7096330547494218e-85,-0.13333141904910606,-0.00455630586425354,False,False
504,504,0.06478477925549081,0.09585305325538222,-0.13340899632488618,0.00026031336770095494,False,False
2025,2025,0.09590709813357773,0.13704971943209374,-0.13344516004397708,0.006459350211728923,False,False
1924,1924,0.025661221870341352,0.040511971548496346,-0.13361288494856838,-0.0013881075526487611,False,False
2893,2893,0.14833379018943213,0.20344486565722483,-0.13363451512595054,-0.0007497188649029427,False,False
2100,2100,0.0513818155477991,0.07698194272885801,-0.13371941661210318,-0.0035861005632117507,False,False
2625,2625,0.0767234382623468,0.1115576685306413,-0.13378657902834945,-0.0011652524591381631,False,False
2473,2473,0.14170895429926947,0.19517038346182447,-0.133809511336095,-0.0027138576908113765,False,False
1175,1175,4.603834199878618e-85,2.964030348208186e-84,-0.13404914866995182,-0.0035659218915290152,False,False
2866,2866,0.03519216296089915,0.054119346978211746,-0.13414670146190674,0.00427093004452647,False,False
1116,1116,0.04919163590496658,0.07377502545019747,-0.13416793728844492,0.001956068492517042,False,False
668,668,0.11350242290096751,0.15973219116646353,-0.13432055207277238,0.003112972783043608,False,False
1975,1975,0.0002568580332273136,0.0005008900411423566,-0.13445772771924516,-0.0018689428820172895,False,False
895,895,0.027628538382109775,0.043204163286671135,-0.13449647453713515,-0.005655767747132978,False,False
368,368,0.15032329839743325,0.20598317158060103,-0.13480920172640382,0.00016167389768567003,False,False
438,438,0.03908164381117536,0.05957592133105725,-0.1348564362408127,-0.0026190513702174945,False,False
2937,2937,0.18622322543781117,0.24876389007038405,-0.1352417546365768,-0.0035117462533400742,False,False
207,207,0.16129321186328308,0.2191933391988206,-0.1353226246495306,-0.00029018398216919933,False,False
950,950,2.8647160233059226e-93,1.9590961191640503e-92,-0.1356958933008789,-0.004265246888616102,False,False
1925,1925,0.0005045158121379741,0.0009586446417576872,-0.13592861437930354,-0.004991931265559593,False,False
2753,2753,0.12012009325513892,0.16800963090539694,-0.13616778984568978,0.0022798211360566586,False,False
2104,2104,6.437303759802882e-89,4.255215492003331e-88,-0.13651687902115808,-0.007837204454046225,False,False
2767,2767,0.0016878541527978108,0.0030416218126921085,-0.13656857055665805,-0.004348586882756541,False,False
2745,2745,3.1752655511386036e-88,2.084997379597207e-87,-0.13662986893554604,-0.006474562241559039,False,False
2001,2001,0.14351663127733386,0.19756834955061545,-0.136706284320722,-0.0036275535478728547,False,False
2366,2366,1.0284688197429584e-90,6.874989768011488e-90,-0.13671807991206514,-0.009730593191344526,False,False
1958,1958,3.2986701471425295e-90,2.1951688333450733e-89,-0.13699616779682355,-0.008062472275081951,False,False
149,149,0.06522041272116935,0.09641215483612021,-0.1370202741716793,-0.00021779691368106082,False,False
1032,1032,0.0824556781068108,0.11903134855107708,-0.13722210966849094,0.0005173776749316073,False,False
2597,2597,0.07985981534559983,0.11567785844106408,-0.13729801263270225,-0.0014506592029219529,False,False
1504,1504,0.09028166389917962,0.1295098977538739,-0.1374605141940929,-0.000669383162534232,False,False
1382,1382,7.179249110072678e-05,0.0001443632205873693,-0.1375169352944795,-0.0013579469867008955,False,False
2712,2712,0.10772462864638772,0.1527600085152789,-0.13764409127202143,0.002636467640527077,False,False
1880,1880,0.08642047406704256,0.12433154000532347,-0.1377957950857451,-0.0016790080160328752,False,False
1526,1526,0.09868083932203052,0.14080996687874356,-0.13785827265427344,-0.0008947399956479867,False,False
603,603,4.132063921495173e-91,2.7746528776012835e-90,-0.13795722700406182,-0.009843354304856538,False,False
2581,2581,0.09054998614202416,0.12976936690947738,-0.13796599295473774,-0.00045872828224609335,False,False
367,367,0.011514841164504908,0.01897615134716855,-0.13803825434587125,0.004473758450029401,False,False
2901,2901,0.15489056031719176,0.21136330253858626,-0.13816714606335556,-6.222895889106719e-05,False,False
2658,2658,1.73602868319029e-88,1.1424685436161376e-87,-0.13819975109358565,-0.003824199051662354,False,False
266,266,3.6392017444333575e-92,2.4660161592415994e-91,-0.13830014831735213,-0.00508504587635866,False,False
113,113,0.09263356876188125,0.13269132822647856,-0.13854039397265563,0.0011317874250497712,False,False
1918,1918,7.1805023617164056e-90,4.757082814637119e-89,-0.13863380608074888,-0.005223007830625974,False,False
2869,2869,4.171565142658707e-93,2.8462541019335732e-92,-0.13868295079504014,-0.008912055851210575,False,False
2075,2075,0.021520671007344484,0.034285212855501034,-0.13896796501233916,0.005511509253321016,False,False
135,135,0.17874038808740378,0.24048117490635285,-0.13917033787095884,0.00015700236295360022,False,False
2243,2243,2.20938095434185e-92,1.5005589639557461e-91,-0.1392874133810156,-0.009584130489054713,False,False
2882,2882,0.06630833982750024,0.09786332800001031,-0.13962012792706155,0.005400139464996362,False,False
1977,1977,0.0016298451200503663,0.002942445447876817,-0.13976199950607154,-0.0018705864565348835,False,False
1362,1362,1.0827969583164794e-91,7.303957664280252e-91,-0.13980449332878647,-0.008204599666988777,False,False
1022,1022,0.1106029658813303,0.15654249057500635,-0.13981029169698803,0.002540592133795122,False,False
1026,1026,0.009834813264751543,0.016325349983099875,-0.13995391064660306,-0.011389724260123125,False,False
2741,2741,4.3356853790598736e-91,2.9048113329683306e-90,-0.1400081288490948,-0.006488967595281019,False,False
2554,2554,0.030516569592188132,0.04742263410465583,-0.14063406743269313,0.0029217300977154824,False,False
248,248,0.03182502679483928,0.04924748671902136,-0.1407366305629689,-0.004695947058846962,False,False
1513,1513,0.016279693436317726,0.02627413274550898,-0.14110514991509315,-0.002075167664073099,False,False
971,971,1.9263235745161096e-99,1.3843410094827635e-98,-0.14127601652619523,-0.01166007038505388,False,False
2472,2472,0.00139108195625444,0.002531410941853573,-0.14133386853399366,-0.0018135089503785863,False,False
550,550,0.001516023633167048,0.00275034116334951,-0.1415238539391006,-0.0007449948995373356,False,False
2496,2496,1.507935071303113e-94,1.0384109725354152e-93,-0.14158233173533372,-0.006632323845187577,False,False
819,819,0.016548572895157706,0.026664584339211768,-0.14158501191027753,-0.003710017459731916,False,False
124,124,0.004936861457017494,0.0084501757811003,-0.14167275354547063,-0.001208943695404962,False,False
327,327,0.03152765639995651,0.04883824853604954,-0.14196446912386412,-0.005404991236042946,False,False
460,460,7.942260992720733e-96,5.507623978129705e-95,-0.142075410698008,-0.00827473166994904,False,False
1000,1000,3.4325917966871817e-96,2.3915334395698485e-95,-0.14223880294982166,-0.006275557467469395,False,False
1070,1070,0.09037271544741893,0.12957788379127505,-0.1423028967185934,0.0018934261114226904,False,False
1525,1525,0.03055229241926507,0.04745117943504904,-0.14230839646848126,0.003478623283294637,False,False
641,641,0.024251591427730458,0.03840913733057844,-0.1423084570570958,-0.0007894148878143969,False,False
1621,1621,0.047567685799732945,0.07148399567271259,-0.14268630046375222,0.0032670831351601258,False,False
544,544,1.388169454453116e-98,9.904055146194347e-98,-0.1428851654809208,-0.009275967496128761,False,False
62,62,0.0007257277467267393,0.0013615423212926434,-0.14298890914445136,-0.00025732237214907256,False,False
500,500,3.4571855444602964e-103,2.5911431050399396e-102,-0.143077657062899,-0.009638015566664741,False,False
2139,2139,0.15429380041978707,0.21064581400456672,-0.14313441217744277,-4.0315663579658855e-05,False,False
2090,2090,8.799564855295763e-97,6.145201997768899e-96,-0.14326232813691356,-0.006057153694066046,False,False
321,321,0.01957508099869754,0.031320129597916066,-0.14332355883122314,-0.001789623949814887,False,False
1128,1128,0.062417356899419754,0.09253482281592298,-0.14343034040704744,0.004644530015572195,False,False
1741,1741,0.15097395181957654,0.20669335414642043,-0.1435529043302451,-1.7232751521808435e-05,False,False
1401,1401,0.00048574878828897136,0.000924761002977336,-0.14356170592869213,0.0015842433643742484,False,False
401,401,1.623843356113814e-92,1.1054052937949083e-91,-0.1441560379975438,-0.005088607956997625,False,False
1267,1267,1.2366481851497436e-110,9.787658169398505e-110,-0.14427564185411046,-0.006995192630934417,False,False
731,731,8.052889066647142e-94,5.532633043937203e-93,-0.14429019252690356,-0.005047214872192655,False,False
1316,1316,7.043581603439309e-96,4.8958665571447006e-95,-0.14432589303490945,-0.00526791057969943,False,False
1083,1083,1.456745251514491e-97,1.0294333110702404e-96,-0.14437868834968817,-0.008271689695674777,False,False
2113,2113,0.005167301297286317,0.00881410933927919,-0.1445011315155362,-0.0010023921218446834,False,False
956,956,7.083374964147988e-95,4.900572702468817e-94,-0.14452926285545833,-0.0036243227733721087,False,False
733,733,0.09450017976130884,0.13523458704511312,-0.14512145051563205,0.0047493949862174025,False,False
1884,1884,0.07675227733812989,0.1115576685306413,-0.14536751418949861,0.00015327555362325246,False,False
379,379,3.6222239665392475e-100,2.647970623814898e-99,-0.14605139833005215,-0.007897216590454151,False,False
214,214,9.209615467729067e-100,6.6668630995658225e-99,-0.14631435711599247,-0.007052621321283417,False,False
2179,2179,4.296104794354041e-100,3.132884282467517e-99,-0.14638836104911657,-0.004078337532176727,False,False
2487,2487,1.3670429359090948e-99,9.848018043150954e-99,-0.14672416355709486,-0.008225295117181753,False,False
1546,1546,3.7929345246822523e-106,2.9164325568023123e-105,-0.14679699955334974,-0.009523354633497402,False,False
2267,2267,5.004635053736161e-100,3.6406266763453246e-99,-0.14681834689988807,-0.009027251209618243,False,False
616,616,2.9215250725089333e-100,2.1463085186154737e-99,-0.1468459084633033,-0.006373796711833453,False,False
1275,1275,7.936986098659399e-97,5.555890269061579e-96,-0.14689392890819528,-0.004100503943958718,False,False
2394,2394,0.08411569616622629,0.12119193505891243,-0.14695873848757052,-0.00242040742709568,False,False
2787,2787,1.3987862721920042e-98,9.955869678335416e-98,-0.14766420225201216,-0.004005834126407956,False,False
2723,2723,0.02718007784794725,0.0426151458281603,-0.1480832087572249,-0.0033295837297921357,False,False
2081,2081,7.313218178746991e-97,5.131354977428149e-96,-0.1480886020256668,-0.004838149743355738,False,False
1198,1198,0.03987193987973797,0.06059391580289928,-0.14858626573678174,0.0011590948191162825,False,False
2452,2452,0.009455048522453519,0.015774358636673435,-0.14871044720383725,-0.0005515386554474715,False,False
337,337,0.014837799376339904,0.024091131591344,-0.14925604738394044,0.00046846780213970126,False,False
1383,1383,4.507125152598645e-98,3.2002745102662147e-97,-0.14954548519992086,-0.004983293434150502,False,False
1839,1839,0.07927246526375716,0.11493926570729421,-0.14956771194212318,0.003563873689520305,False,False
831,831,0.039638946401264745,0.06039445221712206,-0.14959959927229194,0.0024572346693483233,False,False
2612,2612,1.6577614667108173e-101,1.223939311740723e-100,-0.1498262833229966,-0.0018770829906422177,False,False
1205,1205,0.00371356112822936,0.006479629293700612,-0.1504121924407512,-0.0046183702438650255,False,False
1391,1391,0.07883947621288823,0.11447923943241305,-0.1504472627935754,-0.0007128031758575603,False,False
613,613,9.541993365823643e-105,7.2246521198379e-104,-0.15061544301551677,-0.005335529062310109,False,False
425,425,2.2526188616877413e-104,1.7012144482160857e-103,-0.15066514398619443,-0.005264317199281315,False,False
1589,1589,1.4672067580086631e-100,1.0805631905135763e-99,-0.15077219512466977,-0.0046875416606887085,False,False
2490,2490,4.872330834964897e-99,3.4845970887170635e-98,-0.150968431024244,-0.003230247963470387,False,False
175,175,4.038690631618862e-102,2.9892353602605437e-101,-0.1511878859252992,-0.004051041651365521,False,False
2679,2679,3.199466425606793e-100,2.3446953953582623e-99,-0.15150608590819062,-0.0019302721384970205,False,False
652,652,0.072527231360137,0.10609207623306388,-0.1515436723470427,0.008220186218454734,False,False
1803,1803,8.431192120576476e-103,6.271623612498992e-102,-0.15163073923584922,-0.0052588608892087385,False,False
2831,2831,5.2207831442320686e-104,3.932813292406289e-103,-0.15169420688028268,-0.004951335162395579,False,False
1650,1650,1.5350650769718345e-102,1.1390182871131013e-101,-0.15212312354984775,-0.005101680514942443,False,False
210,210,0.10821573995048214,0.15338315003487632,-0.15216295365689603,0.005063558902462453,False,False
1270,1270,0.01139014690953509,0.01880197776835381,-0.15224019200592862,0.003053819084129071,False,False
569,569,0.07428724884027006,0.10834621845598111,-0.15229244617998364,-0.001812449745363984,False,False
1392,1392,4.097825179758369e-106,3.142724840703576e-105,-0.15345349131475364,-0.003927914277762418,False,False
2284,2284,3.0120336956437704e-05,6.238461973950252e-05,-0.15352496413016306,0.0004656714896568886,False,False
490,490,4.05832245292886e-103,3.0340304887387552e-102,-0.15359385468653242,-0.004347061981699661,False,False
1219,1219,0.02362469163072411,0.03745624185896857,-0.15381771059675087,-0.002572224172150167,False,False
1759,1759,0.0016007026441269352,0.002893352891454777,-0.15411828017455537,-0.006189731590457381,False,False
1541,1541,0.09521021958567398,0.13618502733989415,-0.15426904614538606,0.000250369743362654,False,False
505,505,2.9577511185678557e-109,2.328542525174906e-108,-0.15435001403225562,-0.008484543152336394,False,False
774,774,7.539718182923574e-100,5.471365175285371e-99,-0.15438735542942061,0.002918322758384848,False,False
1917,1917,0.001065923852360728,0.0019625694750661543,-0.15440652309740144,0.005298253692864641,False,False
2272,2272,7.368116748549582e-106,5.621740490924206e-105,-0.1548889633207825,-0.003732356236615888,False,False
2186,2186,2.5223549448979124e-107,1.970091967488685e-106,-0.155570265202296,-0.007337878573658449,False,False
1292,1292,2.0414001739481498e-110,1.611403116031412e-109,-0.15559437569197104,-0.008103232870588187,False,False
1953,1953,0.039770175613482214,0.06048874260558033,-0.15563668073685438,0.005730041427772424,False,False
2766,2766,1.0462110947958104e-106,8.15001188806815e-106,-0.15581837536893672,-0.0038575417302698254,False,False
2416,2416,8.909642630191746e-105,6.763125147419207e-104,-0.15603728220125612,-0.0008329028659607427,False,False
287,287,0.11079265997892501,0.15666156017982344,-0.15652522527285864,-0.0004432903796103916,False,False
2142,2142,6.494252788602526e-106,4.967768627982551e-105,-0.15657705499948302,-0.005661594119904717,False,False
2525,2525,0.047708851400570525,0.07165985372312415,-0.15679636176704398,-0.0020807168516716384,False,False
1580,1580,0.03278298549778254,0.05062429810479634,-0.15716622792471244,0.0008092206101403389,False,False
1867,1867,1.0569395412394358e-103,7.941763438983912e-103,-0.157167677348811,-0.0009759288743950456,False,False
1943,1943,1.069685505450984e-106,8.289364439108409e-106,-0.15726092755136184,0.0005279396608054048,False,False
1054,1054,9.48390629982436e-108,7.446622724306534e-107,-0.15731508663481733,-0.00339175902803793,False,False
2297,2297,0.056317852017332956,0.08395348306752597,-0.15758827649902615,1.703498758980369e-05,False,False
2670,2670,0.025555398273339323,0.040366376836227305,-0.1577435286725745,0.008613316879507732,False,False
2565,2565,0.03853141888123945,0.058797558477901635,-0.15776870128948006,0.0004420587083511821,False,False
848,848,0.0761308221548162,0.11087158005667051,-0.15796139374182,0.0017714981516052625,False,False
1576,1576,0.07760217823342228,0.11273777043406623,-0.1580090843293621,-0.003481983501437234,False,False
2851,2851,0.05687695359406391,0.08474437664015144,-0.15835596603024876,-0.0013843672741833716,False,False
1221,1221,0.004860045207534309,0.00832829917780706,-0.15842305160854311,0.0039166285314656876,False,False
1834,1834,0.03593680928923346,0.05520727224143111,-0.15871627161525212,0.003306421665288675,False,False
948,948,0.0012314243681513933,0.0022491492459528217,-0.15945688265444577,0.0028309486778305983,False,False
1038,1038,0.0019411932866465155,0.0034770438592437287,-0.15958539971343555,0.005904256273070871,False,False
1582,1582,0.03978235362738976,0.06048874260558033,-0.15994084620072072,-0.00937728813774459,False,False
374,374,0.002170011830812726,0.0038659034296831753,-0.1602074668399196,-0.0017021549679659747,False,False
907,907,0.03159192277494554,0.04891227271572163,-0.16036306730352867,0.0033034929785733013,False,False
2571,2571,0.06905691203304863,0.10136543764297148,-0.16044136240533396,0.0018800237776400157,False,False
2340,2340,1.5090322517123603e-107,1.1817434625546929e-106,-0.1605948542340001,1.3976136766810296e-05,False,False
2156,2156,5.847210072483837e-113,4.652686191724404e-112,-0.16085222475945005,-0.0019706134505163768,False,False
2396,2396,0.025788153309597005,0.04066909618644204,-0.16107536183593246,-0.001622745119880647,False,False
2319,2319,0.000658308196183613,0.0012389719253474722,-0.16107918458702258,0.0019264893414848566,False,False
546,546,0.051716941203867876,0.07740589081849716,-0.16128679401504778,-0.001590784999081415,False,False
1862,1862,0.0017327873078238753,0.0031206994718575615,-0.16145566535867695,-0.0011639317881409167,False,False
763,763,4.86552552020683e-113,3.8819569204230837e-112,-0.16179066102617212,-0.0014321376436166567,False,False
2406,2406,0.00038942876139787675,0.0007466566949799083,-0.16187066083882337,-0.005498581512742355,False,False
2449,2449,0.00500413450427698,0.008545610591883818,-0.1622013532451072,0.0027473583505295703,False,False
2345,2345,1.1396943286792404e-122,9.448639015418954e-122,-0.1624395579500462,-0.006845278004249266,False,False
852,852,0.0027598853176836534,0.004878701383493201,-0.16306977225075944,0.003670468596690816,False,False
2309,2309,7.087239529661087e-119,5.747247793451942e-118,-0.16319197868853483,-0.005293357171650345,False,False
306,306,0.006375736058356917,0.010782441379603037,-0.1632284470722045,0.0034867040493014524,False,False
800,800,1.550132119518129e-113,1.240105695614503e-112,-0.16344347845855417,-0.004825818655909558,False,False
68,68,0.05168138408479551,0.07739169927531436,-0.16382289782000214,-0.0006949860758236407,False,False
970,970,0.08849283728969594,0.12710761314840413,-0.16451305670306518,-0.0051900807730075734,False,False
1998,1998,0.06652893836569752,0.09804264601260687,-0.164651615936528,0.0014126370919026313,False,False
1370,1370,8.918390471783094e-117,7.173382905217404e-116,-0.16479199643939116,-0.004386399122520557,False,False
722,722,3.407767439724596e-117,2.7484385220387505e-116,-0.16502711419010857,-0.0044042646429311594,False,False
2436,2436,4.7934221612409936e-11,1.2634881860180524e-10,-0.1653740263742483,-0.0036726615228695123,False,False
148,148,0.05908838065516412,0.08781888522009369,-0.1655222068949546,-0.003822118515737436,False,False
1739,1739,4.6345695552555574e-120,3.789367063360467e-119,-0.16579720345874446,-0.0068309238627348445,False,False
10,10,1.5699951812253637e-06,3.485224904919132e-06,-0.165970885781899,-0.002766788497179937,False,False
866,866,0.00030183129562040106,0.0005836060491214008,-0.16601260702629952,-0.004531946101077624,False,False
574,574,0.04465778028309376,0.06734974180905604,-0.16626696096933524,-0.0027790301063974365,False,False
2898,2898,0.08119106593751681,0.11749150838739633,-0.16640145308182802,-0.0003362010670715705,False,False
2298,2298,3.5652239028529476e-115,2.859887714504743e-114,-0.16663473260001255,-0.0017494881813072537,False,False
237,237,0.00017083064373969443,0.00033577837789365106,-0.1667171134654385,0.0011910082645437078,False,False
916,916,0.03711706673748767,0.056785285606630626,-0.16689496603197285,-0.009082437904582895,False,False
2804,2804,0.02596742695664213,0.040886643611307075,-0.1671282235484706,-0.008218097718350043,False,False
953,953,0.004962091887770641,0.008488466122710814,-0.16723443324839044,-0.004202461710946611,False,False
2850,2850,0.012622830339855192,0.0206986521815968,-0.1673222298878005,0.001204205092854605,False,False
2908,2908,0.002493880838308374,0.004424290692229082,-0.16755230690091993,-0.0039041581182397834,False,False
256,256,0.01797582276345475,0.02885464681554013,-0.16784454842039856,-0.002912368404660759,False,False
560,560,0.026375889843374176,0.04148576632492557,-0.16785858583246802,-0.0030743172469257026,False,False
298,298,2.6071121445128465e-121,2.1494191235872576e-120,-0.1678909943170954,-0.0019515243547631725,False,False
1281,1281,8.740725373891819e-120,7.127052997173329e-119,-0.16801112906932547,0.0006890264178661442,False,False
2935,2935,0.0039785520542930265,0.006905463448620878,-0.16804586318263107,0.0034891646019579482,False,False
428,428,0.04056494180884672,0.06155252928867948,-0.16814603064832492,-0.003549922542419031,False,False
1156,1156,0.0062275669566405805,0.010543878338453647,-0.16837346057300662,-0.005104628952265119,False,False
2587,2587,5.751163838428411e-121,4.715318859794343e-120,-0.1687121844347243,-0.005022944928360382,False,False
2275,2275,1.120262432453501e-07,2.6325723670007847e-07,-0.16874096734368355,0.000449661448604398,False,False
1889,1889,0.00037467406824238865,0.0007197622230054431,-0.16879911192353061,0.0018212031555295573,False,False
801,801,0.018512094187352796,0.029683357940606753,-0.16889910471934466,0.000989677626901665,False,False
1524,1524,2.176808988032225e-118,1.760427541275107e-117,-0.1689147403608141,0.001208938330625001,False,False
2744,2744,0.00020034387118077117,0.00039274809092769403,-0.16922104948169958,-0.0009058035203778569,False,False
964,964,2.026306253630452e-123,1.684615395175121e-122,-0.1692826011739012,-0.005071476124049652,False,False
2397,2397,0.025941002543325483,0.04086671738247879,-0.1695973450025103,-0.0006814700138771725,False,False
947,947,0.0015985830578547607,0.0028912824593009933,-0.1696868855275254,0.0012207608818265697,False,False
936,936,7.997542766509373e-126,6.781916265999948e-125,-0.16998827790123475,-0.0022071349697561507,False,False
816,816,0.0037916678478954733,0.006608144552292287,-0.17001836378031643,0.004582642584410488,False,False
108,108,3.688143341170026e-05,7.591129983767433e-05,-0.1703263437277707,-0.0044479754954946625,False,False
537,537,0.020061540899740674,0.03208117100777495,-0.17048779176946094,0.004996980124464129,False,False
853,853,3.438884970329206e-126,2.93293407814284e-125,-0.17077031559735859,-0.0025976023257385243,False,False
646,646,4.3348821866789885e-121,3.5639696205161326e-120,-0.1707817148224361,0.0004963046209730319,False,False
2505,2505,4.684123903869994e-125,3.949568109854017e-124,-0.17079065724847373,-0.006213244704134635,False,False
2088,2088,6.424583598971228e-124,5.356225876895114e-123,-0.17117615971941885,-0.004424236802553982,False,False
2642,2642,0.012385942474779461,0.020321435746349054,-0.1712296956176927,0.0004092320532429411,False,False
770,770,0.003977233249498975,0.006905463448620878,-0.171982598209917,-0.001265949537516475,False,False
1094,1094,0.013931312191014067,0.022756265593246974,-0.17205745021569296,0.0025267624671945804,False,False
1251,1251,1.3288836538813208e-124,1.1141600804293108e-123,-0.1720595557435275,0.0003360912122789088,False,False
767,767,0.0017884697814984217,0.0032151292013854124,-0.17226425112371693,0.0004498648330703837,False,False
2926,2926,1.120891984868388e-124,9.42438360081976e-124,-0.17236547551013526,0.0015693864070712733,False,False
946,946,1.455845570057251e-131,1.2936975005778207e-130,-0.17251477593349385,-0.008459318718923999,False,False
2528,2528,0.04178720424114163,0.06321326309261384,-0.17286930741933185,0.001870703050874,False,False
941,941,0.00938285548634938,0.015662719394535972,-0.17292363714182374,0.005955884388374407,False,False
2011,2011,2.909445282050236e-07,6.725259810845094e-07,-0.17307006306999725,-0.0015448337323218416,False,False
1670,1670,7.913414871236692e-132,7.074402210189909e-131,-0.1730861070023107,-0.005311843538524571,False,False
958,958,0.019136089252567372,0.030667339579708398,-0.17313151781201802,0.0026930558027693885,False,False
1448,1448,0.016078827808790663,0.02597820410260789,-0.17314960151903336,0.0025758767343578475,False,False
2384,2384,2.1702398696632205e-126,1.856274332322893e-125,-0.17336182609477638,-0.0027163449315113896,False,False
2006,2006,1.4414705423134593e-119,1.17213275879078e-118,-0.173560207746643,0.0023968727301394484,False,False
61,61,1.9211843446930382e-127,1.657579981118877e-126,-0.17372540749580878,-0.002353579553017038,False,False
1231,1231,1.8529557196530983e-126,1.5894718427544496e-125,-0.173849248104671,-0.0029021577526933823,False,False
1133,1133,0.0033082995032823258,0.005803210949020061,-0.17404650061653593,0.0009478168217080058,False,False
649,649,7.551092074163866e-133,6.812049020096765e-132,-0.17405314462208815,-0.009501200908502552,False,False
894,894,0.015110645942023646,0.024507320850232887,-0.1741418008388489,0.00111384374507791,False,False
2516,2516,0.00559726914854503,0.009525627771147734,-0.17415361238561378,0.0016005928834709785,False,False
2687,2687,0.00010958494358401213,0.0002175572659246475,-0.17426983839542828,-0.003508750253684003,False,False
719,719,0.03627099682355755,0.05563427316398904,-0.1745529451840497,0.001274272231271167,False,False
845,845,0.014752805285463045,0.023979368065309047,-0.17457987694889382,-0.0004948138767485305,False,False
308,308,3.829505481781216e-05,7.871171932082167e-05,-0.17458469059494117,-0.0029967114357215803,False,False
2701,2701,0.03684596147085951,0.05645782841791999,-0.1748953164551705,-0.004365985783767356,False,False
1664,1664,2.1866245008616492e-06,4.814467001897162e-06,-0.17501171008088892,-0.0022146149715016328,False,False
923,923,6.119045085545201e-127,5.264152409825552e-126,-0.1752302469573644,0.003046671221915877,False,False
2928,2928,0.022222036030105825,0.03536461283504241,-0.1753887007542308,-0.0026281524377975035,False,False
1586,1586,2.523315694824942e-125,2.1336754935157916e-124,-0.1754406425379239,0.002997196176922089,False,False
1790,1790,3.0915324308510174e-132,2.7721052129201874e-131,-0.17561734799361314,-0.004208095553745801,False,False
1121,1121,0.0077202773258690455,0.012945640171287756,-0.17568663516817587,0.006043170176775562,False,False
2921,2921,1.0495336031854307e-134,9.555262988510303e-134,-0.17582351925031084,-0.008976555203107589,False,False
875,875,5.200495499759463e-05,0.00010579212229805404,-0.17588965699257966,0.0014645751538738963,False,False
39,39,0.07170436757086282,0.10494011979798859,-0.17599822272045487,0.009681938452534625,False,False
245,245,1.1605367761570467e-122,9.594632734356866e-122,-0.17627204731653212,0.004435786447758092,False,False
1420,1420,0.0011021026895400106,0.00202792360976736,-0.17646542333272855,0.0011390362237290034,False,False
1625,1625,7.005312787507202e-05,0.00014105677308901883,-0.1765200731713655,-0.0033189485144033744,False,False
1533,1533,0.0038178678709123387,0.006646001079687871,-0.17669839163621381,0.005154705300249935,False,False
2023,2023,0.043309362875689844,0.06538259868517166,-0.17673890497121492,0.0065619310403411645,False,False
1216,1216,8.671642637253469e-132,7.728959563774263e-131,-0.17682049192844687,-0.0024448136203181776,False,False
2531,2531,0.031012214530199273,0.04811513472327832,-0.17690871533339972,0.0028451885703118522,False,False
994,994,0.02441415675073904,0.03862538232206475,-0.17716574374101782,0.0044493149393721445,False,False
2015,2015,0.01282027524007915,0.020999214631652822,-0.17721053850349527,-0.0014270673188072226,False,False
1658,1658,2.488015401075182e-131,2.1977469376164106e-130,-0.17733074236789415,-0.00143775794268822,False,False
1548,1548,0.001184431064571611,0.0021713350214011993,-0.17775938284071183,-0.004426637338828396,False,False
1590,1590,0.002478364497710043,0.0044046621731756936,-0.17785717748326954,-0.0037082160772761545,False,False
2005,2005,3.0188179133416764e-06,6.6075601525059696e-06,-0.1778738435090779,-0.002449439437383756,False,False
678,678,1.7241187415791395e-131,1.5275177388080258e-130,-0.17790732554165872,-0.0033604206054725825,False,False
342,342,8.72112363819352e-128,7.546441678763371e-127,-0.17810230633737562,0.000699477958624432,False,False
213,213,4.922411546166482e-130,4.296975726182976e-129,-0.17813390178829694,-0.0004363378570061907,False,False
2049,2049,0.01395014934098262,0.022761980892818265,-0.17818362776279995,-0.0024296348146416137,False,False
1071,1071,0.019438372183482988,0.03111817078779801,-0.178590149066548,-0.0026933927224283673,False,False
2232,2232,0.024198359608187652,0.0383452916802461,-0.17878035423659502,-0.0012794223570398193,False,False
1405,1405,1.480927663462376e-130,1.2965761962113073e-129,-0.17888402106217366,0.0034849999627055562,False,False
2876,2876,1.0281978735650223e-130,9.028672451896409e-130,-0.17916062626837562,0.0010512903582085625,False,False
2097,2097,0.04093908519891111,0.06202511734066778,-0.17917240842357418,-0.0030272122947822677,False,False
995,995,0.002519920632824174,0.004467816271339396,-0.1794240512885335,0.004680757664059275,False,False
2194,2194,0.0018573899550155997,0.003332970608516505,-0.17952641942676079,-0.0017153451443200098,False,False
1746,1746,1.3598238039403434e-05,2.8848870979949532e-05,-0.17983806660193144,0.0022484586154275046,False,False
2149,2149,0.0006206646541215564,0.0011710951642929304,-0.18003021522631876,0.0013396886117979486,False,False
813,813,4.147445268761228e-128,3.5993033794395687e-127,-0.18005391121093295,0.0018988657156384582,False,False
1820,1820,2.4745224988772458e-132,2.2255705383841412e-131,-0.1800576691326254,-0.001494976720956347,False,False
1443,1443,3.4779147088159856e-05,7.178338564510324e-05,-0.18007151625529697,0.003981587177109264,False,False
1903,1903,0.011358931863456628,0.018760884680433652,-0.1800821287941082,0.003842755092074185,False,False
2264,2264,4.643089911041893e-09,1.1398420889968848e-08,-0.18008581298495716,-0.0031309485034749663,False,False
1472,1472,0.00043570356908792545,0.000831619416754317,-0.18034013493317355,-4.45124270368903e-05,False,False
1486,1486,4.1880128636988816e-131,3.68843388114489e-130,-0.18036619427264072,-0.0002743818375295406,False,False
2628,2628,1.2576187164229983e-14,3.6666133107499595e-14,-0.1804536811879238,-0.0065122326384415025,False,False
528,528,0.004145075712093595,0.007181894170165668,-0.18104670961484579,0.0002504974781662318,False,False
2249,2249,0.03353559349866704,0.051678941590884625,-0.18127387216024998,0.002193005883150684,False,False
2721,2721,1.641422064417814e-129,1.428662958120842e-128,-0.18161132395497778,0.004069386807646672,False,False
2762,2762,2.4847070873123906e-140,2.311790167756481e-139,-0.18168738009123753,0.0005949929729611691,False,False
336,336,9.53674595108205e-140,8.845331869628601e-139,-0.1821022111465644,-0.003410722814454262,False,False
1607,1607,0.009896416780236235,0.016418426497339936,-0.1826205624895179,0.008110730521079605,False,False
2580,2580,0.02058621559415426,0.03286707255699292,-0.1826993601031312,0.003412772563529306,False,False
262,262,1.9433917697232988e-145,1.8606408943673388e-144,-0.18276158473623746,-0.0016307173928366311,False,False
2956,2956,8.461176691572853e-135,7.727006898642533e-134,-0.1827899256800153,1.2715288906637494e-06,False,False
2224,2224,1.1218552375830525e-07,2.634229703438687e-07,-0.18282154235584633,0.004948318079477304,False,False
2778,2778,7.663126657067082e-07,1.7361954136011526e-06,-0.18285523516794552,-0.001167522992479979,False,False
1134,1134,0.0012415980141925783,0.002266336350629503,-0.1828725503274898,-0.003247782582283249,False,False
2788,2788,2.007311576725007e-133,1.8163721828414087e-132,-0.1829649779020876,0.0031815290499184364,False,False
239,239,0.026641208989562903,0.04188088362342304,-0.18309669998541955,0.0010573112625472014,False,False
2725,2725,2.2582093617200815e-137,2.075035723091394e-136,-0.18335279911568683,-0.0028062759882168872,False,False
2635,2635,0.00034142992717944485,0.0006571751127552479,-0.18352659463835963,-0.0033023020928214654,False,False
198,198,0.0006578859687460801,0.0012389629157603841,-0.18357063512926966,0.000711701479616171,False,False
240,240,0.009790289119544038,0.016263390012751067,-0.18362962568237104,-0.002574484434089225,False,False
975,975,6.61783067141719e-142,6.215734630622222e-141,-0.1841796349333243,-0.006693750567648297,False,False
309,309,2.875775936100494e-05,5.977102926012791e-05,-0.18437699325482793,-0.0012987431085081892,False,False
1990,1990,0.0002534745317186684,0.0004946169691919842,-0.18455374514919193,-0.0013411785089287556,False,False
874,874,5.8261156847992714e-05,0.00011795301058993342,-0.18456351616547179,0.0013565970354863408,False,False
1547,1547,2.8108987675113817e-05,5.854559678578092e-05,-0.18459361161780652,-0.00281799006580398,False,False
2365,2365,5.538265003716536e-135,5.073324237972432e-134,-0.18515369562588346,0.0046597993432758245,False,False
1427,1427,0.05623006629006393,0.08389963874368586,-0.18541961305086438,0.0015857999230174595,False,False
474,474,1.8203964194868104e-05,3.8318699099552155e-05,-0.18558021360773405,0.0008083911682361082,False,False
2693,2693,0.013974438973279164,0.022789085094886023,-0.18568604776741238,0.006202527677783198,False,False
909,909,0.03461865237434262,0.05329261423602121,-0.18577159838730095,0.004516196318134282,False,False
583,583,1.3287014453655735e-141,1.2401213490078687e-140,-0.1859570888194568,-0.00047505893545914476,False,False
2520,2520,0.00037523978691818657,0.0007203827215867902,-0.1860160079038156,-0.003511565624391195,False,False
2050,2050,1.2351000676674653e-142,1.1674449047251711e-141,-0.18617987646695527,-0.0031249047018398392,False,False
91,91,0.00030914887852825907,0.0005965889931546639,-0.18661466204448104,0.0034223060693124546,False,False
891,891,1.1858776982490476e-139,1.096475080499431e-138,-0.18698164077467525,0.0029665936484373177,False,False
943,943,1.598091105772077e-16,4.859768854438037e-16,-0.18700276071446625,-0.0035697798124847283,False,False
2786,2786,0.015419980536812388,0.02495447231911623,-0.18701416884098956,-0.0017063375571678982,False,False
2899,2899,4.503820926934035e-147,4.354182576918637e-146,-0.18722058849841053,-0.0060311969779186965,False,False
1817,1817,1.7488604665525947e-148,1.7018419228616724e-147,-0.18792249941031666,-0.00782860892929997,False,False
506,506,0.0032853569563533855,0.005769786654708195,-0.18796108180338714,0.0013280557996802915,False,False
1707,1707,0.011590976190192935,0.0190910196073766,-0.18803443962590785,0.002953345933930315,False,False
1490,1490,2.5247525176626736e-142,2.3788779277532744e-141,-0.18834204999540974,-0.00119894669955831,False,False
1934,1934,0.0008082223835224394,0.0015096312361828825,-0.18851594435772123,0.004407791487082289,False,False
1060,1060,2.4188079160095823e-07,5.599861072321717e-07,-0.18873771531420158,0.005417594925471247,False,False
585,585,1.6125686541607715e-05,3.4016373600207324e-05,-0.1889911938924167,0.0022313190996521505,False,False
2244,2244,0.003789965081245749,0.006608144552292287,-0.18899440412326493,0.0036252291077008857,False,False
1999,1999,0.0008534268058741735,0.0015910620350719515,-0.18915789227556068,0.001098346106855723,False,False
2012,2012,4.5674564869773275e-07,1.0476206223607966e-06,-0.18920532707249996,-0.003223460555470083,False,False
178,178,0.038382317345719195,0.058600163519595974,-0.1892419046248445,0.004277999933217366,False,False
2115,2115,1.1444701291072325e-142,1.0852355729042383e-141,-0.18953084757082417,0.0038205278962155343,False,False
841,841,1.201463879197322e-144,1.1466060429124282e-143,-0.18963206733856777,0.00030266335733675556,False,False
935,935,0.0011269708545200753,0.0020723974573826414,-0.18982071022090158,0.00386673904200771,False,False
1161,1161,0.017370636695097346,0.027943658379972314,-0.18982637725078969,-0.002869963715561771,False,False
577,577,2.8073459136510376e-143,2.6705777793962436e-142,-0.1900401167518362,0.0009442670900569253,False,False
1954,1954,0.0009507275678484539,0.0017581055584886052,-0.19012589603811067,-0.0009595080755356413,False,False
2846,2846,0.001010357753481007,0.0018648891867734008,-0.19068790183474474,-0.0051847847654564756,False,False
2603,2603,3.99248529631123e-146,3.834853190761078e-145,-0.19068910478956583,-0.0012522382677750223,False,False
1456,1456,6.423665077751406e-148,6.23053527802816e-147,-0.19070118035657205,0.0003134179878960131,False,False
2356,2356,0.0024904234119600627,0.004420799453766427,-0.19076961307631424,-0.00557466835696734,False,False
2593,2593,9.392728393706485e-147,9.05117463393534e-146,-0.1912898081942103,0.0021882638198764772,False,False
764,764,0.023259357908964183,0.03691645683091214,-0.19138245880880841,0.002137154811242116,False,False
571,571,0.017567911787405997,0.02821513105250054,-0.19152349869046773,-0.0026433192891963204,False,False
2533,2533,0.0006350656331589322,0.0011975062256770715,-0.1915735365724712,0.002521111075556933,False,False
330,330,0.0013692353411162907,0.002493184351185982,-0.19181483797283655,0.001528418500429668,False,False
439,439,2.1389585165869206e-08,5.1321171198302184e-08,-0.1920295072550893,-0.0032666892003321204,False,False
1685,1685,3.789817329354938e-152,3.724562196531608e-151,-0.19234590729845993,-0.0025045313307860686,False,False
402,402,0.027540009800326486,0.04308842861748498,-0.19270917026286538,0.0045056830062305256,False,False
297,297,0.009227108044583484,0.015411399367655475,-0.1928601391194795,0.0012045063307411378,False,False
146,146,0.0005425540984378974,0.001029603941281125,-0.19320834554024768,0.0013556638752034978,False,False
219,219,0.008872777089329638,0.014844646223861536,-0.19353254492965422,-0.0028781604176897446,False,False
414,414,0.021314302400206212,0.03399293365062442,-0.19368758997663596,0.0017096182853560203,False,False
2728,2728,0.00341868461312369,0.0059862276883487385,-0.1938388604746963,-0.009278948630534035,False,False
2890,2890,0.040205936551803385,0.06103898705153578,-0.19387533238535395,-0.0013844684351938669,False,False
2757,2757,1.751550839664343e-166,1.8700010403322917e-165,-0.19401360626869585,-0.007564968285458612,False,False
1509,1509,0.045296201022298574,0.06820858682606909,-0.19402286696340865,-0.0021957966220087386,False,False
2556,2556,0.0032496912799164484,0.0057172991812637925,-0.1944402082264502,0.0025060822815811705,False,False
1516,1516,0.0003116963662813306,0.0006011142398459969,-0.19451756246222995,0.001519871464865181,False,False
2726,2726,8.97809327931833e-06,1.914294601509828e-05,-0.19533047205189452,0.00646279302423765,False,False
951,951,7.641564329640437e-161,7.902495794554988e-160,-0.19534686461017237,-0.0007343277365049752,False,False
1694,1694,4.689180769944823e-06,1.0166171311319382e-05,-0.19566142713480525,0.004837356861203334,False,False
2522,2522,1.4771471348022575e-05,3.1204076128776516e-05,-0.1957818747812527,0.0003901031843028948,False,False
986,986,1.7757379035645208e-152,1.7509601653752482e-151,-0.19589059435298356,-0.00030954294561716936,False,False
1827,1827,5.437635045131202e-156,5.452331356063988e-155,-0.1959680552381611,-0.0019688102956677616,False,False
2336,2336,0.0009077019996940444,0.0016837363580038082,-0.19619091712560696,-0.00013801935748587773,False,False
2683,2683,0.003935482521455599,0.006838707332365467,-0.19625670443642945,-0.0007745125777360098,False,False
261,261,2.492970469187317e-05,5.1996741760702436e-05,-0.19629629042552554,-0.0014102130929242924,False,False
1005,1005,3.666411581206925e-05,7.551637455254791e-05,-0.196299705473603,0.002882859213017358,False,False
919,919,9.509033201589713e-150,9.283819257341536e-149,-0.19642392531764652,0.0031607153342899396,False,False
427,427,1.709620628213361e-152,1.6913846748457517e-151,-0.19655487499061586,0.003883144113854386,False,False
458,458,0.002815179198892778,0.004973483251377241,-0.19665241132329367,0.0005003639832354367,False,False
2445,2445,3.070946301213186e-155,3.068878323905972e-154,-0.19708654348431243,-0.0003193249471768744,False,False
2263,2263,7.379397522837426e-07,1.6757499500980475e-06,-0.1972900430476326,-0.003799799284655351,False,False
1407,1407,2.5769390242451218e-157,2.610360076436697e-156,-0.19742096652011998,-0.0018370159338015018,False,False
2103,2103,5.390980948119359e-05,0.00010944207560888001,-0.19747910236647306,-0.003733200597387602,False,False
391,391,5.896450510288837e-153,5.853065255698084e-152,-0.19748913580745212,0.0032149249020937947,False,False
1295,1295,0.0005028082542423762,0.0009560121067209305,-0.19769574357089748,0.0011860023370156847,False,False
1097,1097,3.4115396801045596e-166,3.629193466147073e-165,-0.1981496657453197,-0.004055460262725285,False,False
1483,1483,0.0017548900844741092,0.0031585893091080385,-0.1984370942698513,-0.001639960960053428,False,False
2159,2159,6.669286512532016e-154,6.64243032523323e-153,-0.19877328390674584,0.002307942576933856,False,False
1983,1983,0.0016369946624349117,0.0029535563271166068,-0.1987840022551958,0.0003196290543566134,False,False
1153,1153,0.005882990111141184,0.009994684974165446,-0.19923576725660272,0.0012599588747664791,False,False
2512,2512,0.0021640846258699476,0.003857659561310513,-0.19935225409557428,-0.007455277767427393,False,False
2391,2391,0.00030703941819174024,0.0005929037040943949,-0.19939126140671767,0.0007993255700083799,False,False
2480,2480,1.3235474467975034e-160,1.3639891743385383e-159,-0.19960717789909277,-0.0013227704365348283,False,False
1588,1588,0.0006450890780378706,0.001215634529280254,-0.2002672219523813,-0.006181663567896607,False,False
494,494,2.291191160328055e-159,2.344915642708161e-158,-0.20050384975779983,0.0003281176141613917,False,False
1366,1366,3.64731726311122e-156,3.669572080309865e-155,-0.20051649199420452,0.003962699541518322,False,False
58,58,3.48089688856639e-156,3.514048287505117e-155,-0.20093984744352023,0.004988903249668024,False,False
1756,1756,0.0012302212663685675,0.0022483354178460028,-0.20096372112114672,0.003314816977253437,False,False
2827,2827,3.1371203912779473e-159,3.199647189454621e-158,-0.20155087862468635,0.0014838764216214837,False,False
867,867,0.00949596040457722,0.015833713753250107,-0.20170593349684882,0.00025941927995581763,False,False
1192,1192,0.00010164119849589355,0.00020232801954112143,-0.20172955650640265,0.0010179533473900007,False,False
2238,2238,4.0874190485925996e-11,1.0793113644326366e-10,-0.20198200574997766,-0.0008414885889127196,False,False
2155,2155,0.013485226919730817,0.022051875205377998,-0.20200373061019128,-4.886349571515567e-06,False,False
293,293,2.1798614505442977e-06,4.803139409959521e-06,-0.20215267598342884,-0.0017963927063007867,False,False
1394,1394,0.0020777184988146724,0.0037081590526048995,-0.2022660091913113,-0.0013340055865705713,False,False
378,378,0.011624493265606639,0.019135605109440103,-0.20246401614269544,0.004961479765157224,False,False
2157,2157,0.004164943385800103,0.007212107333170773,-0.2025296187905056,0.004690369652883032,False,False
782,782,0.0007423252555127567,0.0013900450210484934,-0.202547540172099,-0.0002606569961954094,False,False
918,918,0.0019117564835344088,0.0034263848086534578,-0.20268452242206544,0.0032434529807989806,False,False
396,396,2.834851085324104e-161,2.9419014060286506e-160,-0.20300861549797783,0.001295408326806117,False,False
618,618,1.0520164283370217e-168,1.143730681063839e-167,-0.20326476770101629,-0.004035876862500563,False,False
1011,1011,5.5883893077955854e-05,0.00011329466848044602,-0.20355428907302092,-0.004098843694276856,False,False
2904,2904,0.00030441485158292736,0.0005882182809232606,-0.20363883534110072,0.0032388708962012218,False,False
2367,2367,0.03710473805595728,0.056785285606630626,-0.20364806093388577,-0.0030586670143919175,False,False
2907,2907,2.535249054223723e-170,2.7664041150500036e-169,-0.20366177386306317,-0.004866486840181071,False,False
2329,2329,0.0009501919835713951,0.0017581055584886052,-0.20370536138794845,0.0089439873727871,False,False
887,887,0.0103708822525114,0.017157624596128112,-0.20402424107180475,0.0015709586867733885,False,False
2730,2730,0.0008593112700638166,0.0016010268986499732,-0.2042051553997895,-0.0023190335892152173,False,False
2317,2317,1.870283095317461e-167,2.0185455370553542e-166,-0.20434047580860887,-0.0009498276757899255,False,False
1973,1973,6.689752453529878e-167,7.167936924937429e-166,-0.20457053472492104,-0.0018565676609676317,False,False
999,999,2.1022175242766126e-164,2.2125466709407752e-163,-0.20467320618411264,0.003198254279541409,False,False
1402,1402,0.03738173749746997,0.05716074028464239,-0.20477603736547317,0.0009877826112866593,False,False
66,66,3.343710878340221e-162,3.4944133404625974e-161,-0.2050162521176441,0.0034442418491651325,False,False
1296,1296,8.354816543753628e-159,8.492155993787934e-158,-0.20522812197916973,0.006890538950484545,False,False
2789,2789,6.8330299232347e-160,7.017450800055567e-159,-0.2052374493507501,0.006404747681953516,False,False
2161,2161,1.1805517373976304e-165,1.2513848416414882e-164,-0.205328192200767,0.0004911138792110478,False,False
593,593,0.001354745770215834,0.002468315190915037,-0.20554009964150954,-0.0008520198032352831,False,False
893,893,4.921351030696298e-08,1.1713367970414285e-07,-0.20563455796339955,-3.315813481696004e-05,False,False
839,839,0.01150893758063996,0.01897615134716855,-0.2060434379823319,0.002061464958192912,False,False
978,978,2.1658399323660028e-23,7.29649593559852e-23,-0.2062880282149914,-0.0045262059725646175,False,False
673,673,6.893727446780422e-06,1.4772984160320789e-05,-0.20650322108700395,-0.0014763998357164658,False,False
2140,2140,2.6202767377323424e-167,2.817746868691881e-166,-0.20704602545734388,0.0011261320139460467,False,False
1619,1619,6.715656035302989e-05,0.00013559229328421272,-0.20711830670877862,-0.004789770520979578,False,False
732,732,0.0015282255806274372,0.0027707840704350845,-0.20717961079802807,0.0028777705853187505,False,False
688,688,2.385106753882279e-176,2.661277009594964e-175,-0.2072852497977061,-0.002764258574432679,False,False
2819,2819,0.03466706395380507,0.05333947424307591,-0.20785332125784334,0.0007413212426975679,False,False
1784,1784,5.199111678111065e-05,0.00010579212229805404,-0.2079360531425469,0.0004113445260092997,False,False
744,744,0.0021472900173243907,0.003830022098208408,-0.20802047445448196,0.0007987434515027588,False,False
1488,1488,1.7318278503975766e-164,1.829204647679718e-163,-0.20836095122921433,0.005579869347207937,False,False
489,489,6.774339928266868e-176,7.530427306028489e-175,-0.20840004436373136,-0.002772096965325088,False,False
1168,1168,7.706175606216348e-07,1.7432872865282103e-06,-0.20845869582213342,0.001233753700496865,False,False
2731,2731,5.199321805770152e-174,5.7154026368614114e-173,-0.2086453987771149,-0.004293456515261156,False,False
2660,2660,6.57007928843598e-175,7.276117659730591e-174,-0.20866831781666767,-0.0033635384130021517,False,False
736,736,2.5408852338410442e-173,2.7827850088709295e-172,-0.20878694923226898,-0.0016753006399579254,False,False
1789,1789,3.451182827871512e-168,3.738361544935273e-167,-0.20884709714127572,0.003839565654151616,False,False
1919,1919,0.0007279892178446005,0.0013649222985235468,-0.20915062436615547,-0.0005341158522434004,False,False
2215,2215,1.2186257869789293e-179,1.3857782895607133e-178,-0.20969925337340933,-0.004495473504016563,False,False
1926,1926,1.39839896463909e-08,3.390888992686944e-08,-0.21025097136605192,0.005824577338043051,False,False
2078,2078,8.796747703958583e-11,2.2822331455724715e-10,-0.21025917010148604,0.005066850529080932,False,False
542,542,1.6506928152732034e-11,4.409771625320313e-11,-0.2106303979704216,-0.00024835637516427094,False,False
1154,1154,1.5069674825226644e-06,3.3503217139530097e-06,-0.21080486962508335,-0.0014659962074071815,False,False
176,176,0.014356854386313117,0.02336137270755336,-0.21090126598486786,-0.005071948203753329,False,False
1671,1671,0.0003353249911131706,0.0006458433313587868,-0.21106284771619685,0.01050239433752745,False,False
1017,1017,4.737657165892857e-180,5.40821787245e-179,-0.21110070556516983,0.0005594276790536391,False,False
1451,1451,4.476636909941684e-174,4.939278196545323e-173,-0.2112797163903505,-0.00043135267872006287,False,False
2860,2860,0.007250163389734677,0.012191776170386697,-0.2113213301036063,-0.0006544260877183827,False,False
2750,2750,0.0001597298710283856,0.00031437550213013823,-0.21165519803769614,-0.0004058334973014524,False,False
515,515,0.0006702069655279856,0.0012597683810557704,-0.21172535293527223,-0.0009635691210955648,False,False
1369,1369,2.4870485462222877e-180,2.861069800460368e-179,-0.21224270696727168,-0.0005811912648982853,False,False
1882,1882,0.0254153700810556,0.04016656996835624,-0.21231813648845893,-0.0021698733785606083,False,False
522,522,3.524605965116244e-178,3.9475586809301934e-177,-0.21252635323021998,0.001588182323964063,False,False
2835,2835,4.74558219599932e-05,9.680335366134695e-05,-0.21263455483857657,-0.007598092266421959,False,False
1436,1436,0.012357807787132876,0.020286489774452642,-0.21275040530814956,0.0003767542307803089,False,False
4,4,3.501873665815983e-179,3.967008030588488e-178,-0.2129077884962192,-0.0003301280408101866,False,False
2948,2948,1.6721142385333532e-178,1.8798617651390124e-177,-0.2134365180012366,0.0022761137177410525,False,False
862,862,5.0563133472416495e-179,5.70613612722936e-178,-0.21344920592053293,0.0005021421089465784,False,False
1573,1573,3.844010196908487e-180,4.4050279013221586e-179,-0.21444389915673778,0.0007062606011436858,False,False
699,699,0.0013168497277240355,0.002400743238258561,-0.2148159461686264,0.0020954429653189796,False,False
1786,1786,2.567300977915824e-184,3.0117586175708165e-183,-0.2154496474847666,-0.0031351500010277583,False,False
1353,1353,1.693558098878251e-181,1.955828963996362e-180,-0.21559749193390612,0.0008635176286306023,False,False
624,624,0.004478493900596458,0.0077145501433373695,-0.21568309848174658,-0.0051466003634612215,False,False
879,879,6.748719441579196e-05,0.0001361672284337665,-0.21586440027455123,0.00045440321015568217,False,False
2164,2164,2.314457309286473e-09,5.743569643781147e-09,-0.21601041283133857,-0.00021462647432094037,False,False
1406,1406,1.2404548115049803e-184,1.4668007492218253e-183,-0.21611247164432443,0.0012846982154983695,False,False
1823,1823,0.004185677405624786,0.007243784571366977,-0.21655577170668236,0.0018048280042520638,False,False
1577,1577,0.028307690638285685,0.04417309453965926,-0.21657853623057224,0.004506566322499281,False,False
1412,1412,6.836573950596818e-182,7.926152923973185e-181,-0.21661506944363962,0.0022279021757673134,False,False
959,959,2.8684531792348245e-06,6.287717160981506e-06,-0.21690847369348146,-0.0023084248636314336,False,False
1642,1642,2.906791054584965e-05,6.037337893637632e-05,-0.21700426853386745,0.0044713917623548675,False,False
2829,2829,8.918156443453192e-184,1.0420900915027194e-182,-0.21745982773455722,0.003966141608125774,False,False
605,605,2.354102641130918e-187,2.8060147144082588e-186,-0.21766040699383682,-0.00020905892839428748,False,False
2966,2966,0.05046345624939989,0.07564421118596913,-0.21820828682581095,0.006565844634223425,False,False
961,961,1.368054235938525e-182,1.5923078322609968e-181,-0.21879565997947137,0.0038526806841941595,False,False
394,394,0.0103263496474193,0.017103016603538218,-0.2188261816934935,-0.0020910505498373242,False,False
1105,1105,0.00092391567121527,0.001711723915210313,-0.21905504542275567,0.002575491584068267,False,False
2604,2604,1.8333035690700007e-06,4.057602530201165e-06,-0.219103145812708,0.0022675039347237295,False,False
1417,1417,2.9254323395319934e-05,6.07180642218948e-05,-0.2195283342880506,-0.0038482860471692796,False,False
661,661,1.6133275602447143e-184,1.9001413487326634e-183,-0.21967455245983825,0.0040491908526522225,False,False
1113,1113,4.291828841963362e-11,1.1322798224842007e-10,-0.21980490378349946,-0.0008573345269658498,False,False
2432,2432,4.123355618235577e-191,4.954704240859592e-190,-0.22004290541370922,-0.00023381534736052122,False,False
2644,2644,3.378685829640127e-06,7.373484957626395e-06,-0.22027229138911678,-0.00105940621133136,False,False
598,598,0.005327215043718758,0.009081662406523422,-0.22052342456232835,0.002938783889210709,False,False
1033,1033,1.1486954450727874e-185,1.3637312323904134e-184,-0.22059221023279393,0.005659222802585446,False,False
2879,2879,4.456742558282596e-05,9.122490974470858e-05,-0.2209639685355255,-0.001876412495787972,False,False
1045,1045,7.018036404101088e-188,8.399004857811301e-187,-0.22104743218625428,0.003164732846657701,False,False
2821,2821,1.4274893530602015e-05,3.019806414741752e-05,-0.2211094493988783,-0.0031126493860180486,False,False
1688,1688,0.00033304444707786725,0.0006418674798227987,-0.2211394143526586,0.0006284831786332445,False,False
556,556,0.00018466796645270274,0.0003624963785923424,-0.2212885944805351,-0.0004990739977954568,False,False
1716,1716,6.021476684112395e-195,7.29458889732473e-194,-0.22157025600186517,-0.0014145230806854444,False,False
2895,2895,0.004494610357492548,0.0077333353861089174,-0.22191399918732538,0.0009474189609696321,False,False
1616,1616,0.0015633143661047493,0.0028309438917625968,-0.2224449954539125,0.006173121093628489,False,False
2638,2638,1.9232983409476633e-08,4.6409345332785894e-08,-0.22258675853605484,-0.004198440005592976,False,False
828,828,6.184238783111723e-05,0.00012503283861223157,-0.22277319075272267,0.0025222915375280523,False,False
2853,2853,1.0954511644914072e-12,3.0471406337492944e-12,-0.2229258549148815,0.004308796523984751,False,False
115,115,1.391220522041127e-196,1.6992356005835658e-195,-0.22300761809554748,-0.00023252962315260757,False,False
463,463,0.009792007396491293,0.016263390012751067,-0.2233123100084787,0.002414842830480098,False,False
580,580,7.581480526788948e-202,9.33686066535668e-201,-0.22340095530837195,-0.003361941257591468,False,False
1520,1520,0.00438652102341703,0.007569299068314967,-0.22349684655309546,0.0011936157836619152,False,False
1053,1053,1.79170185962949e-200,2.1974260823885643e-199,-0.22365914896563036,-0.00276218323313126,False,False
2742,2742,5.1444452796460184e-09,1.26083514368203e-08,-0.22371591533294521,0.0026634302715890473,False,False
581,581,2.4067629647015632e-15,7.107733810183324e-15,-0.22373986425298148,-0.0054727012281151795,False,False
1529,1529,0.0020003426392980815,0.0035786720635543738,-0.2237619127983161,0.0009565004484229965,False,False
1132,1132,0.0010044459269136234,0.0018551309963158894,-0.22406070527804559,0.004529021968056162,False,False
482,482,2.1932877268009014e-06,4.825558171345497e-06,-0.22419154124764126,0.0003113243967612951,False,False
1293,1293,6.997592480936553e-05,0.00014099697544751996,-0.2243384411358155,-0.0017309500126600997,False,False
2245,2245,4.420008698249078e-07,1.0169446369304855e-06,-0.22442614859281576,0.0022386319454726026,False,False
1673,1673,1.1850325565158589e-07,2.778180590631176e-07,-0.22453213928357865,-0.0007752303533162047,False,False
508,508,0.022295881281992606,0.03546311663716723,-0.22522740333475183,-0.005225092545530297,False,False
393,393,0.00011841294278987863,0.00023461255954630156,-0.2252934208235265,-0.0045114263706801635,False,False
451,451,2.0272732351924207e-202,2.5070612341879606e-201,-0.22562434735462997,-4.383859825144083e-06,False,False
2037,2037,0.00014354504946730901,0.0002830841905773908,-0.22587842720031587,0.002722416928461772,False,False
120,120,9.282659686911103e-05,0.00018552817475253974,-0.22613476049739073,-0.000967603861516635,False,False
2039,2039,8.583587454831365e-11,2.228879052138188e-10,-0.22694239148770995,-0.006288788939383981,False,False
1332,1332,2.6056417876891507e-203,3.249388582294706e-202,-0.22707353909188444,-0.0012908568617565333,False,False
1006,1006,7.475210146227884e-208,9.522070263521185e-207,-0.2270904040146208,-0.0011048414282028162,False,False
706,706,3.007113587134862e-207,3.8141509088103723e-206,-0.22740982857612854,-0.0024942903295434183,False,False
97,97,6.471362525832453e-204,8.173193181562009e-203,-0.22746485681018777,-2.002347201749972e-05,False,False
1804,1804,0.00154752147581251,0.0028040560074551464,-0.2275178044572559,-0.002523227031448886,False,False
2306,2306,9.16864800168655e-08,2.1597259737306094e-07,-0.2276288797210385,0.0027780946063614494,False,False
2796,2796,0.004896975616490394,0.008386741852131268,-0.22861797747482526,0.001421283437677118,False,False
1160,1160,4.090542341358168e-212,5.324881433838176e-211,-0.22914318461056024,-0.0031243344639781375,False,False
2381,2381,0.0009871223939805051,0.0018242710244919921,-0.22929309839391976,0.0011962856275744174,False,False
2474,2474,2.1403492642107994e-05,4.483102763710411e-05,-0.22933136083879696,0.0059048818879778595,False,False
561,561,0.0042990332742745265,0.0074269678451960395,-0.22950497069074657,0.0002966458466626974,False,False
2066,2066,0.0002898342661149892,0.0005618733519459751,-0.22996348038481432,0.0016505194672005467,False,False
623,623,1.2927306108170753e-203,1.6257730732648642e-202,-0.23028608221662805,0.00258730857561467,False,False
472,472,1.1827263703036542e-10,3.057780372004569e-10,-0.230324989596446,0.0020603949227060566,False,False
1935,1935,1.4144702462786687e-14,4.1198701579539634e-14,-0.23034788512274573,-0.006176793264823882,False,False
2008,2008,0.013283197538860057,0.021733478663360888,-0.23107722827517532,-0.003285527636897918,False,False
902,902,1.6266629212711622e-08,3.931543607762874e-08,-0.23148951645616103,-0.0012185031854081434,False,False
2820,2820,0.0003011294470361967,0.0005826285520230977,-0.23158668245510333,-0.0011406846696411913,False,False
2514,2514,4.593848268335233e-208,5.876957612249557e-207,-0.23181603383243854,0.0044376534199410565,False,False
2180,2180,1.5086905612845206e-203,1.889364382233104e-202,-0.23212001585506747,0.00589990841458874,False,False
1844,1844,0.00041776806147482984,0.0007994426863038652,-0.23257343056310337,0.0002337998412777016,False,False
173,173,1.5829779346469167e-211,2.0516500043808074e-210,-0.23267641533639183,0.002419321454921604,False,False
335,335,1.537813289220776e-213,2.0106739393864594e-212,-0.23301707719401607,-0.001680382845660187,False,False
246,246,8.618452145900643e-209,1.1121550421318743e-207,-0.23304410819767146,0.004104176975079959,False,False
1012,1012,2.3937704196412405e-12,6.5845325352133475e-12,-0.234124440060512,0.005197288240676799,False,False
332,332,3.6318940288766174e-05,7.485737137295694e-05,-0.23467478588688745,0.0036124800319820064,False,False
1501,1501,5.2868937688453274e-05,0.00010747603223241734,-0.23490232766747293,0.0060178418753660985,False,False
1692,1692,1.0067101036046822e-225,1.3769196255754363e-224,-0.23499368740447873,-0.004910769115673936,False,False
1810,1810,0.0001053798578241658,0.00020962963674405098,-0.23578588652085894,0.0017168712699349225,False,False
1762,1762,2.032927769096898e-223,2.7426043721270878e-222,-0.23579433751990786,-0.004276040471310603,False,False
703,703,0.0008107306010913924,0.001512412585819769,-0.2360080753414363,-0.006177508828850985,False,False
2187,2187,4.341519274251896e-219,5.752513038383762e-218,-0.23621444704861624,0.00011142754728538128,False,False
2044,2044,0.0028180719196166256,0.004975632038918587,-0.23627781064690495,-0.004657027747452266,False,False
1380,1380,2.7180190362513567e-219,3.6175248877103257e-218,-0.23646321651007723,-0.00014075233777654085,False,False
2510,2510,0.005947171844959733,0.01009217040356803,-0.23698904330400594,0.0002521235232740423,False,False
511,511,4.6913663075161075e-223,6.300441267288601e-222,-0.237034184761002,-0.0010302372808882812,False,False
1445,1445,0.0011287328383683,0.0020743523617814947,-0.2371781972636899,0.0023096869858036375,False,False
2889,2889,0.0005726367010294965,0.0010846111861235134,-0.23739111883943398,-0.004764448478771231,False,False
110,110,6.932608930673531e-216,9.104417392141169e-215,-0.23755908542667625,0.003367446293511486,False,False
657,657,8.107140984635735e-12,2.189444444258313e-11,-0.23778903488039793,-0.0002867112453906995,False,False
968,968,1.3037737353688979e-225,1.7750460764104994e-224,-0.23788966261802016,-0.002700033564454228,False,False
186,186,2.3357911549794374e-05,4.8821324985767395e-05,-0.23789464070959396,0.0017041777045163726,False,False
1724,1724,6.072947315590512e-11,1.5908656339516892e-10,-0.2386517499907403,0.0031820427675698245,False,False
2747,2747,1.7006011350772904e-05,3.58224568410887e-05,-0.23872566390169558,0.005611261893279627,False,False
1165,1165,1.554924738061423e-218,2.051118498918357e-217,-0.2388850938344671,0.0029007071634230813,False,False
326,326,6.799065225428019e-05,0.00013708984775183668,-0.23904675194188055,-0.0010085979666591039,False,False
1952,1952,0.027715613168738527,0.04331750388879197,-0.2393213679688626,-0.0019159615242178647,False,False
2536,2536,4.55712691567924e-227,6.261829947099992e-226,-0.2398988875579298,-0.0017186973711272474,False,False
264,264,1.455430667415119e-227,2.018559916302838e-226,-0.23993449048593551,-0.00245126317214673,False,False
1090,1090,0.0032928101217825747,0.005779456204287807,-0.2401908143357212,-0.010651201424818742,False,False
18,18,1.4718262349259593e-220,1.9677388582253365e-219,-0.24020961486105089,0.005302770812894448,False,False
780,780,0.04083234678518112,0.061926625068174534,-0.24029401165202202,0.0026680483095673467,False,False
2614,2614,0.0012020236789653876,0.002200752640837429,-0.2403340664785887,0.005763311253472369,False,False
2185,2185,1.3093836987005617e-232,1.8418250321058138e-231,-0.24072182689363364,-0.004016464045907499,False,False
1640,1640,3.4770924698287397e-12,9.485303722841635e-12,-0.2409786594694442,-0.0034398930248943143,False,False
1043,1043,8.653919873361795e-07,1.948773458584052e-06,-0.24121014383473444,-0.001243614676291538,False,False
1857,1857,8.006603161348989e-11,2.086356293492871e-10,-0.24131754439694525,-0.00200177922244815,False,False
818,818,0.0018456823628830732,0.003313965670318791,-0.24185847803607755,0.002349721831993055,False,False
1704,1704,1.3553940864978488e-06,3.0201273639081196e-06,-0.2422854659470855,0.0017170132007087505,False,False
1848,1848,0.007591695906769685,0.012744430685120151,-0.24229558907432971,-0.004533562520470716,False,False
263,263,1.0966882138697031e-231,1.5353634994175844e-230,-0.24239964294484873,0.0008334542679338454,False,False
1885,1885,1.0313928693355752e-12,2.8716454373245658e-12,-0.24250819960332634,0.0025932962449860754,False,False
812,812,3.5722863335235e-229,4.97772105065622e-228,-0.24260186195961272,0.0033070768036485964,False,False
2045,2045,1.9042757752050017e-225,2.580771918177372e-224,-0.2426413890816003,0.004138816907366563,False,False
2361,2361,7.286586450256043e-05,0.00014642240070656694,-0.24266561218296226,-0.0012680968585306101,False,False
3,3,5.284932386093726e-238,7.577622860833904e-237,-0.24274457128223845,-0.003037850264964893,False,False
2390,2390,0.0004258511138185191,0.0008138609824941175,-0.24278605873772297,-0.003870796149493026,False,False
690,690,0.00011321193917384495,0.0002246076440293929,-0.2427966954615945,-0.0015880908889230095,False,False
2188,2188,2.244798777630004e-227,3.0988664055841172e-226,-0.24279921473870672,0.0023930330954544405,False,False
526,526,0.0004016523685321669,0.0007695960166581482,-0.24329027777583578,0.0009501683628039328,False,False
1899,1899,1.4723047325935518e-11,3.940306984975349e-11,-0.24379479278702135,-0.0011636483298238973,False,False
2163,2163,2.2244238293267015e-05,4.655916731623167e-05,-0.24384028904221072,0.0006046226928549699,False,False
218,218,0.000881194654518771,0.0016366619115217222,-0.24387111172587186,0.0013732080720190503,False,False
1676,1676,4.8943063683637525e-06,1.0587683164215464e-05,-0.24406770120598878,-0.0010319704077216421,False,False
2502,2502,1.838507851404245e-06,4.063192196106932e-06,-0.2443762304818174,0.005434268204612427,False,False
2285,2285,8.837468532280753e-17,2.704083155031884e-16,-0.2444693214660547,0.0033173128804223416,False,False
1463,1463,2.4092579911653944e-31,9.005891332215228e-31,-0.24468774497506013,0.0012176303073060807,False,False
869,869,3.0816034956514294e-237,4.376171854111695e-236,-0.2448126351987432,-0.0009168915248308875,False,False
1799,1799,1.5168043057492297e-13,4.279349029908473e-13,-0.24568232551560218,-0.0019485991285949542,False,False
1338,1338,0.0005907575176803839,0.0011160842218175553,-0.24607049145028628,-0.0015108301985966772,False,False
2465,2465,4.8632297748078715e-242,7.075522535112628e-241,-0.24607214132486707,-0.0049750308131095225,False,False
1345,1345,4.814969370005265e-240,6.937295674842538e-239,-0.24645125490905556,-0.0025733537949135317,False,False
1888,1888,3.0179782708900857e-244,4.6171956226813267e-243,-0.24656590049236168,-0.003513988530752861,False,False
1878,1878,1.3628370696126401e-11,3.657233655163034e-11,-0.24674442049937895,-0.003411735003209494,False,False
1475,1475,7.38679151180929e-05,0.00014833556973646803,-0.2470745808343367,0.002657820996122584,False,False
555,555,2.2032221020450758e-243,3.269581599434893e-242,-0.24723293654734754,-0.0037516007612849946,False,False
422,422,1.885903580811779e-235,2.665410394213981e-234,-0.2474966574985902,0.002713702199656114,False,False
2206,2206,0.004620870336436686,0.007936772661194491,-0.24769378891720195,-0.0030864360600116663,False,False
525,525,0.0039052754943241516,0.006790191954981888,-0.24804423111243135,0.0028072501389448316,False,False
2204,2204,0.00012080524241913737,0.0002391927681787857,-0.2481297951684645,0.0006964684778104347,False,False
1403,1403,1.4939630591906452e-241,2.1629670047208952e-240,-0.2484091081776826,0.00013103579252920377,False,False
1461,1461,2.4994201508915496e-07,5.781978961688323e-07,-0.24843149640554782,-0.002274724539329175,False,False
1681,1681,5.6708721896489425e-244,8.587320744325542e-243,-0.24881519179902034,-0.000377865231909017,False,False
2325,2325,0.005331665129166418,0.009084031058189397,-0.2488328899726616,-0.0020263078934515738,False,False
1276,1276,5.8980875673164394e-08,1.3982047843286894e-07,-0.24897737975239845,-0.002781712816996305,False,False
2675,2675,0.0012986756606490253,0.0023690653723456097,-0.24952824287034092,-0.006888721907383912,False,False
2003,2003,0.00011375346216890744,0.00022553124630415316,-0.24982975314621914,-0.001387633922553829,False,False
724,724,5.542570206335171e-243,8.103619887883147e-242,-0.24983947554045072,0.00031408464099700825,False,False
28,28,3.893184255115619e-243,5.7487417259617695e-242,-0.24985343351131523,0.0003322583501529675,False,False
189,189,3.411069027310584e-13,9.560012155861958e-13,-0.24986103064337492,0.0034149799523173993,False,False
2182,2182,1.4633673179956852e-243,2.1825498491513536e-242,-0.24991432393526286,0.001077999029918942,False,False
1613,1613,0.0030155066005137852,0.005308436293193899,-0.24991467680201038,-0.003311743778044592,False,False
741,741,2.783406752241918e-15,8.211879960888681e-15,-0.2501716971479417,0.004233708412509099,False,False
2806,2806,1.0110569477568524e-244,1.5548274719908488e-243,-0.2504727534500843,0.0005394979820976832,False,False
2639,2639,3.5531571935395267e-06,7.74285649810963e-06,-0.25051531109448605,0.005825275513497898,False,False
1337,1337,4.074131813131049e-243,5.98615010959057e-242,-0.2507813024182623,0.0028562238306306057,False,False
2793,2793,2.1814971819157174e-246,3.372231060378046e-245,-0.2508192855592837,-0.0007648536020086931,False,False
36,36,2.1614971091363172e-253,3.412406074423718e-252,-0.2509021874112164,-0.0036530039468174423,False,False
1283,1283,0.0029663916414770994,0.005228177192342061,-0.2510648103597759,6.308743155811593e-05,False,False
1856,1856,1.4310221428119363e-255,2.28348049455152e-254,-0.25111707368720443,-0.0048681068891607655,False,False
835,835,2.1916652818392253e-249,3.4056872023554037e-248,-0.251825882295868,-0.0012374051608229535,False,False
1665,1665,1.1907771875404596e-05,2.5298687849821647e-05,-0.2518754338734129,0.0007345329492414164,False,False
2287,2287,0.00014309542585526822,0.0002823851222994921,-0.2520429725194497,-0.004083811233568771,False,False
607,607,6.113526349366026e-244,9.210632591329119e-243,-0.2522548558171199,0.002886426050121362,False,False
1327,1327,1.3401557896507447e-243,2.008879991759298e-242,-0.25247233325359375,0.0032297616190301716,False,False
1709,1709,4.0213246243316266e-244,6.120662300008343e-243,-0.2529089071819656,0.0054998600126518775,False,False
662,662,1.757241577005255e-260,2.849996175164807e-259,-0.2530454110212084,-0.004351302465208492,False,False
407,407,5.091235604573071e-06,1.1005671722048707e-05,-0.25329791354749437,0.00010276536636288599,False,False
771,771,2.1329903959229064e-08,5.121938102831057e-08,-0.2533606535407219,0.0016827726364384036,False,False
1016,1016,7.452914162997558e-250,1.16422364398825e-248,-0.2537166129528271,0.0017787983444655141,False,False
912,912,5.881834363090547e-07,1.3449371640718601e-06,-0.25533342118178115,-0.002692380603183076,False,False
1908,1908,3.2385372571085e-252,5.085702951903718e-251,-0.2557399219954087,0.00178931584174654,False,False
15,15,2.8331255543040515e-05,5.8967157399540145e-05,-0.25619925104236924,0.007529390327540582,False,False
2645,2645,1.2098116005230388e-05,2.5684698357313154e-05,-0.25704680463919466,-0.001576891533963681,False,False
2335,2335,1.5426189877508112e-11,4.1247686086886556e-11,-0.25729426659583443,-0.005475647398467335,False,False
1397,1397,1.5974017396828037e-12,4.4267865204281614e-12,-0.25729551716499294,0.0005663105442038031,False,False
471,471,4.594959058403053e-06,9.976472922706849e-06,-0.25738802468465105,-0.0004625475292392299,False,False
720,720,4.903568149260913e-07,1.123844808263042e-06,-0.25743758927846105,0.0016728951067177661,False,False
1376,1376,1.7099664149692888e-13,4.810597459363838e-13,-0.2574473356898011,-0.0018082320322514436,False,False
2129,2129,0.00288657945772296,0.005093559946802465,-0.2574501500582391,0.0019401607051946633,False,False
2151,2151,1.7949576939450866e-09,4.4806008710084245e-09,-0.2575738509311975,-0.0037663944408007155,False,False
461,461,3.2552223138408255e-08,7.778985368341038e-08,-0.2584131944558418,0.002819746388468575,False,False
353,353,5.542124569670381e-09,1.3571803401635057e-08,-0.2591709310579831,-0.0005745756075047307,False,False
1001,1001,6.442429413389519e-258,1.0335746215643293e-256,-0.2591959345264246,0.0030620425106473157,False,False
1828,1828,2.7795925648146093e-262,4.532874028774594e-261,-0.2592324314619015,0.00048232006264981074,False,False
1237,1237,2.9943498279507927e-06,6.558841541961589e-06,-0.25938251569535165,-0.0006066001373585816,False,False
1039,1039,0.0010454453774871545,0.0019272558263241455,-0.25938994204141713,0.002287071746542293,False,False
2402,2402,0.0006900369603011316,0.001296221327958075,-0.2594250164250847,-0.0013368033954561274,False,False
926,926,4.582679231846139e-12,1.246690372146594e-11,-0.25970549480990696,-0.0009474443680996714,False,False
2174,2174,6.925365761169206e-19,2.1983407036524283e-18,-0.2599484654412989,-0.006487832329656448,False,False
1462,1462,2.2323002462902584e-24,7.624242958560975e-24,-0.26010062238899917,0.004404854260207248,False,False
942,942,1.3209877476546163e-09,3.319806634241237e-09,-0.2601201934772216,-0.0038710621633217734,False,False
14,14,4.4527953881429624e-265,7.301600393374758e-264,-0.26014292802171385,-0.0011245516496401833,False,False
2007,2007,0.0024448655433588116,0.004347729737980199,-0.26097910876189556,0.0029302466857811884,False,False
384,384,1.7279438502591496e-265,2.8491874153161977e-264,-0.2610402442695183,-0.0009872363518645222,False,False
2447,2447,9.008872696184564e-08,2.1237755490290535e-07,-0.2611949312012585,-0.002931271241239813,False,False
2063,2063,1.513079995738802e-271,2.5229333861532386e-270,-0.26135925491379647,-0.0037944290423132998,False,False
2354,2354,0.000571180402455172,0.0010825437001832378,-0.26139300079866684,0.0031769199572118487,False,False
928,928,1.4768224740014654e-05,3.1204076128776516e-05,-0.26153665115526986,-0.0023480469591743965,False,False
2503,2503,0.00023335619521542991,0.00045655978075108503,-0.26187304115867077,-0.00044211984159083786,False,False
314,314,1.910324881917133e-18,5.9871639382577096e-18,-0.2620554625182241,0.00423486071549328,False,False
390,390,0.0008784020915079901,0.0016335196789446834,-0.26321320404094084,0.002768430517274576,False,False
1040,1040,1.4328333981816944e-19,4.607420938031711e-19,-0.26383277389199944,-3.317861572113914e-05,False,False
38,38,1.1501364687408317e-16,3.5047279663478327e-16,-0.26392117431815737,-0.0036274543546866195,False,False
1496,1496,3.2485506461272687e-273,5.4782376805146215e-272,-0.2640071412905767,0.0005362952518371615,False,False
2173,2173,1.2111286025264506e-258,1.953603093640492e-257,-0.2645240000458171,0.007797824807103993,False,False
2905,2905,4.259408671264468e-06,9.254703467286194e-06,-0.26452878583257133,-0.0021902342015643972,False,False
1865,1865,0.002333073168303442,0.0041514155656622405,-0.26522734996880976,-0.0017081267549398206,False,False
86,86,2.7349551046407714e-09,6.781409148349048e-09,-0.26566066764753815,0.0015872035808415798,False,False
1714,1714,4.322867041434678e-05,8.854568239460404e-05,-0.26569166752035617,0.004788466235918257,False,False
1955,1955,2.953119960718089e-23,9.903796659221796e-23,-0.26574878457104506,0.0025734086924508568,False,False
2667,2667,7.237274934473895e-275,1.2344960922711793e-273,-0.2658502548389095,0.0005398578303602798,False,False
385,385,1.7517876679691395e-12,4.8365635335185165e-12,-0.2660208020056738,0.0052892269787587366,False,False
2550,2550,0.005406582094148768,0.009206388786823604,-0.2660668772327315,-0.003658793940987265,False,False
1274,1274,1.4303904263049326e-06,3.1824578600247677e-06,-0.2662939621844006,0.007447845232065776,False,False
376,376,4.578420232915096e-273,7.677260593950287e-272,-0.26661702218874517,0.0026803092799521054,False,False
1137,1137,1.3576181892148556e-06,3.0228137926404286e-06,-0.26710140595044246,0.003218696619722358,False,False
2739,2739,2.210704759014433e-255,3.508754933023977e-254,-0.2672543751130837,0.014140032579517202,False,False
1725,1725,3.4878902047633576e-283,6.089445957492733e-282,-0.26737220791784044,-0.0025861524641771706,False,False
2891,2891,3.8588738952324407e-10,9.847925813456479e-10,-0.2674399487601117,-0.001911127442956353,False,False
2320,2320,8.998111694334411e-09,2.1908445864466394e-08,-0.26763499891992504,0.0034794852479842144,False,False
908,908,1.556920939879686e-274,2.6405379140359473e-273,-0.2680267364337712,0.002647413832910175,False,False
1049,1049,0.0014095693542080076,0.0025634815216233862,-0.26827698914062603,-0.0006622352885850901,False,False
1945,1945,0.0020325431963617298,0.0036319013888028977,-0.2682891114192287,0.004623975139504617,False,False
2815,2815,1.2557840542338407e-269,2.0822162418804688e-268,-0.2683568672092108,0.005795487367954463,False,False
473,473,7.422468789130226e-11,1.935842475056108e-10,-0.26841758892556783,-0.00015542555005255835,False,False
2621,2621,9.046437495772164e-07,2.034077764200893e-06,-0.269030491341797,-0.004392118960356765,False,False
1056,1056,6.358515068372531e-278,1.0908712556606746e-276,-0.27000701756689005,0.0018714732106079528,False,False
1424,1424,2.2296601326591102e-05,4.663587930748583e-05,-0.27007810904772056,0.000877333062920286,False,False
2659,2659,2.9977564506263928e-09,7.426829002887424e-09,-0.2705488061646983,3.6661929568671935e-05,False,False
209,209,6.561613473451138e-18,2.043532926464111e-17,-0.2706752756392271,-0.0018152122872443217,False,False
2054,2054,5.491411783548764e-05,0.00011140471752271177,-0.27163694820646633,0.00021017506814290077,False,False
81,81,1.684601065867519e-12,4.6597352875068e-12,-0.27176657299160234,-0.001279717564192303,False,False
670,670,1.4088668721269533e-11,3.777341351827279e-11,-0.27285082241432834,-0.0021233029936212596,False,False
1142,1142,4.163293133982478e-22,1.3821760650626393e-21,-0.27291081463200956,0.002948205884148378,False,False
596,596,1.7201947082927021e-06,3.812948390002046e-06,-0.27316723068733756,0.0040582936738494104,False,False
837,837,9.669689617156523e-05,0.0001927443840411052,-0.27326518857905213,-0.003579698865901106,False,False
1174,1174,1.5152279510593022e-296,2.793289788039757e-295,-0.27379461852708264,-0.0015754573330738304,False,False
2385,2385,9.059249929316045e-281,1.5632473133843036e-279,-0.27416096323920364,0.008470656479883983,False,False
2871,2871,6.156009775989863e-293,1.1006648804299948e-291,-0.2744268815879195,-0.00016236204710600376,False,False
1342,1342,1.889456310238231e-12,5.211808855750065e-12,-0.27458864546298367,-0.001042515919429981,False,False
1969,1969,4.1976474001112833e-290,7.371963008006088e-289,-0.27459340236202706,0.0005977199831054375,False,False
789,789,1.6435127913168255e-09,4.109474275171304e-09,-0.27463800750691386,-0.005058755173453894,False,False
2160,2160,2.8694904236797487e-291,5.099788968551793e-290,-0.27510809890569793,0.0021242073446028123,False,False
735,735,6.861948620508248e-07,1.5630286650551406e-06,-0.275589170321848,-0.0022810063237449635,False,False
1851,1851,1.3810216006968206e-07,3.2325489833345137e-07,-0.2756102234168196,0.0006001377484387803,False,False
2527,2527,0.0005664502730238254,0.0010742647989359193,-0.27568484910753505,0.0015235345420953608,False,False
1086,1086,1.5241243174527297e-295,2.7752153215949092e-294,-0.275750397842815,0.00019082848994736803,False,False
570,570,2.427163243968186e-282,4.2127605310512143e-281,-0.2757725145765834,0.00897854362452103,False,False
2300,2300,1.1901886295534562e-06,2.6559998891087654e-06,-0.27595194051565025,0.0012508027151042819,False,False
850,850,7.172615933007793e-32,2.7153474603529503e-31,-0.2759978776863222,0.007204950373263236,False,False
2260,2260,6.046844910625951e-51,2.7911408545470953e-50,-0.27607802227343153,-0.0014999536727218301,False,False
1923,1923,1.3357830265346642e-290,2.359883346877907e-289,-0.27634936185456527,0.004829315703417097,False,False
2099,2099,8.3282455832068e-298,1.5546058421986027e-296,-0.27664439036633726,-0.00034357038188869083,False,False
2378,2378,2.8753343107119734e-294,5.203653801337279e-293,-0.27666878167143444,0.0015972455382128705,False,False
125,125,1.4020743967608695e-293,2.522034430052279e-292,-0.2767390805876854,0.0027388036442205083,False,False
2201,2201,1.227339148914548e-07,2.875092812926897e-07,-0.277266014603905,0.0016117654322398657,False,False
1777,1777,3.887024694208611e-14,1.1200669215933161e-13,-0.2775198811507954,0.004937684076548404,False,False
1343,1343,4.8720104015110504e-14,1.3971137074091592e-13,-0.2776576721726908,0.0034659009609315766,False,False
1361,1361,2.3849891427722997e-07,5.534517416534938e-07,-0.27810525500613953,0.0070592671504539,False,False
1634,1634,6.001467583610046e-06,1.2945026008833297e-05,-0.2781471960968318,-0.000797713366738925,False,False
2068,2068,2.4764814809927823e-10,6.34184386159325e-10,-0.2785199741793202,-0.0007701116787387007,False,False
133,133,9.470009753683303e-05,0.00018901808304594517,-0.2786936533376328,-0.005472994729923325,False,False
2261,2261,1.2138097582080237e-19,3.9201168252028447e-19,-0.2792491358020883,0.005767715310390947,False,False
740,740,5.450399453400853e-296,9.985670109687489e-295,-0.2795493886227839,0.005439867599477488,False,False
1680,1680,2.263729885827248e-307,4.3068912186764565e-306,-0.27968029328466887,-0.002188866966288331,False,False
566,566,6.584605246546451e-07,1.5010067873847821e-06,-0.27990464532452664,0.00035738881425088323,False,False
518,518,2.1252024515633043e-05,4.454520392824779e-05,-0.2802478027780583,0.0028045038873243814,False,False
1194,1194,0.000908241883141542,0.0016837363580038082,-0.28044719180486616,0.0058562899570594115,False,False
2543,2543,0.0,0.0,-0.28046722795164347,-0.0025801783675834466,False,False
620,620,7.672646916021618e-307,1.450472359665743e-305,-0.2805665073301673,-0.0006366315863939656,False,False
1339,1339,2.0337343964560743e-297,3.772577305426018e-296,-0.2813942646573845,0.004447446233779663,False,False
111,111,1.6003868607823663e-12,4.430921830972074e-12,-0.28150980878286064,0.0076251888536607105,False,False
1183,1183,6.125158412126863e-06,1.3202229605804306e-05,-0.2816254140427947,-0.004307131600764253,False,False
2227,2227,0.0007699306737163055,0.0014399207558853148,-0.2817349643041654,-0.001739944268426389,False,False
1305,1305,2.6702064666211033e-16,8.078667474955591e-16,-0.28248631888458015,-0.004195577353597487,False,False
2844,2844,1.465827269160619e-308,2.806822796689495e-307,-0.2828636520116575,0.0002465978995498867,False,False
2939,2939,0.0015005252153710267,0.002725556205153738,-0.2832780643631283,0.0003060545329435574,False,False
486,486,1.1563733959806048e-306,2.1722254678926804e-305,-0.28355833007897435,0.001900129943172108,False,False
2193,2193,7.07681429778188e-21,2.3183206220548147e-20,-0.2836489975186297,0.004649114934565299,False,False
2071,2071,1.777293860010802e-36,7.090064753376426e-36,-0.28453295878454643,-0.003010463526850249,False,False
2640,2640,0.0,0.0,-0.28465746700184336,-0.002164897614219731,False,False
1315,1315,0.0,0.0,-0.2849503902377086,0.0023013523613329787,False,False
222,222,0.00021683287575337685,0.0004247920628620611,-0.28513892017245185,0.0023629364465302255,False,False
2199,2199,5.3749163056757636e-08,1.2751999676455367e-07,-0.28523253785355746,-0.0064153833173888185,False,False
1459,1459,4.591284803544496e-17,1.4121174400953434e-16,-0.28556775420972763,0.004230456751439,False,False
1358,1358,0.00027876959244318414,0.0005411302487713345,-0.28584478534171337,-0.002711640427039218,False,False
1515,1515,1.02393028929323e-309,1.973392921183314e-308,-0.28598661862771124,0.004670865242980128,False,False
1911,1911,3.3986409274916666e-17,1.0474731332082313e-16,-0.28750547669073384,-0.004862575517239572,False,False
1887,1887,0.0,0.0,-0.28874340638930246,-0.0007747499089960938,False,False
748,748,5.805730409398536e-05,0.00011762053143409457,-0.28884237899860143,-0.0003525999345161312,False,False
2262,2262,1.0579269277063588e-10,2.7422944291986663e-10,-0.2894095013210866,0.006343006020560924,False,False
2302,2302,0.0032785486529190297,0.0057612388406534515,-0.2896240455632187,8.123971850333418e-05,False,False
2600,2600,1.8223277540269755e-29,6.620157618056381e-29,-0.28972224110674083,-3.845809470879799e-06,False,False
1177,1177,5.783600256160864e-30,2.1271035390688283e-29,-0.29017616974730764,-0.0031263290214722144,False,False
2552,2552,6.864256801567895e-22,2.2737850655193653e-21,-0.2902637646765969,0.0034807850969592468,False,False
2780,2780,1.1484564560618108e-09,2.896022737121032e-09,-0.29061743045484323,-0.0014934173974323413,False,False
721,721,0.0,0.0,-0.29077771064364016,-0.0020598978517696433,False,False
114,114,6.542499824638725e-28,2.3451859274791955e-27,-0.2907823488007556,-0.0017688503491258296,False,False
1245,1245,0.0,0.0,-0.2908041905974152,0.005049397134544724,False,False
1540,1540,4.282952502046911e-08,1.0210283555080507e-07,-0.2914422170085017,0.0011386203455961746,False,False
1208,1208,1.5920261331428577e-20,5.1924544650197826e-20,-0.2915268092953768,0.005685319607112159,False,False
1278,1278,6.686234407899364e-11,1.7484355702771202e-10,-0.29154019438262596,0.003904304174769667,False,False
408,408,2.6003590326035454e-12,7.146171859969743e-12,-0.29212626960471816,0.0047718575502565955,False,False
523,523,6.785906039216603e-06,1.4552434338435605e-05,-0.2922143693971407,-0.0018289945950508318,False,False
2655,2655,0.0,0.0,-0.29232140961874853,-0.00010354823012472057,False,False
1806,1806,0.00038896695746498385,0.0007462533482586115,-0.29235640876000635,-0.0027731304441422776,False,False
2910,2910,1.9132806382053254e-15,5.655992962344029e-15,-0.2924094182133396,0.004908264907788009,False,False
1096,1096,0.0,0.0,-0.2924633238575176,-0.00019134111532778924,False,False
1346,1346,0.0,0.0,-0.29282623647445266,-0.0006896465201647051,False,False
1104,1104,0.0,0.0,-0.2928638014154734,4.3911322593233044e-05,False,False
2647,2647,0.0,0.0,-0.2931349928631129,-0.003940536762383585,False,False
420,420,2.038358185186429e-08,4.906607537415508e-08,-0.2939584538571308,0.0041356639472896325,False,False
2719,2719,0.0,0.0,-0.29467140760037897,-0.003356501379459827,False,False
2727,2727,5.759017447926509e-10,1.463421556973106e-09,-0.29481074041986705,-0.003704596492888876,False,False
1088,1088,0.0,0.0,-0.2948545929727045,0.00039972739223665744,False,False
2588,2588,5.927440332413673e-06,1.2794649386620932e-05,-0.2950014483536498,-0.0015137721036643237,False,False
1050,1050,3.23475421899586e-27,1.1443087630488337e-26,-0.29537660062650695,-0.002198982560032061,False,False
1114,1114,7.699334062155058e-07,1.743068153812068e-06,-0.2954165840735554,-0.00021713895112949772,False,False
128,128,0.0,0.0,-0.2958916812759615,0.0007107169220732212,False,False
2413,2413,0.0,0.0,-0.29618225285061833,-0.0021232303320596647,False,False
216,216,4.4412307925430304e-07,1.0210358630726346e-06,-0.29630573219514267,-0.005877841581739352,False,False
2521,2521,5.078776397181525e-14,1.4550008056790316e-13,-0.2965633528008339,0.004731375890765872,False,False
2136,2136,1.111478334469076e-08,2.699564399921618e-08,-0.2969658708052988,0.0016907201822994235,False,False
2013,2013,0.0,0.0,-0.2970656042835221,0.0005622739198167463,False,False
677,677,2.0063445245517295e-07,4.666795100994932e-07,-0.2971616189728241,0.0030121585821382122,False,False
1774,1774,0.0,0.0,-0.2973862383919594,0.0027764329334097827,False,False
2451,2451,1.063569443261629e-11,2.8593062568845243e-11,-0.2975002493693609,-0.00021118025752524163,False,False
1223,1223,9.960712742151883e-06,2.120760073077962e-05,-0.2975338703820624,0.002227462230558222,False,False
1476,1476,0.0,0.0,-0.29801134930905043,0.002324359853238751,False,False
1606,1606,0.0,0.0,-0.2981267960224782,-0.006079087646723029,False,False
1543,1543,0.0,0.0,-0.29826212419906867,0.0058647773735793175,False,False
1495,1495,1.187545992117125e-12,3.3002214462580775e-12,-0.29834218665774415,-0.0015230697286603137,False,False
1825,1825,5.772759088680217e-18,1.7997425394120678e-17,-0.2985667384762769,0.00011733336075233996,False,False
1465,1465,0.00041171884658161627,0.0007883751849382175,-0.2988387481011466,-0.0019570108238006726,False,False
802,802,0.00025952735633497385,0.0005057630949456352,-0.2989316254506848,0.00018726085115283318,False,False
1679,1679,0.0,0.0,-0.2991541605878892,0.004691481978346653,False,False
2598,2598,0.0,0.0,-0.29995971892694023,-0.0014072757558735377,False,False
280,280,1.011143818588421e-08,2.459897420959372e-08,-0.30052980160997206,-0.0021046254963887857,False,False
1393,1393,2.02892753727704e-09,5.0476587851116965e-09,-0.3011991646372506,0.0032758248783618517,False,False
21,21,0.0,0.0,-0.3015575606941788,0.0018162122732621813,False,False
1294,1294,0.0,0.0,-0.3017092927238061,0.003949047336579545,False,False
717,717,9.982643864215651e-17,3.045065466494558e-16,-0.30181631665408865,0.0028606663848644766,False,False
612,612,0.0,0.0,-0.3028523828026453,-0.004762949450395819,False,False
2620,2620,6.65057562841017e-08,1.5740756351771438e-07,-0.3038217921538721,-0.0016886482843843176,False,False
1871,1871,0.0,0.0,-0.30382939541617277,-0.0016188478368746393,False,False
208,208,0.0,0.0,-0.3038898459743366,-0.001294860343436821,False,False
998,998,0.0005888220315823949,0.0011131361718067184,-0.3045836920923751,-0.0013709886451802108,False,False
791,791,0.0,0.0,-0.3051354786933311,-0.006393215414185323,False,False
1840,1840,0.0,0.0,-0.30525523706556057,-0.006868757266524116,False,False
1238,1238,2.5165331528426347e-19,8.065950753387624e-19,-0.3053954452498692,-0.004422846626081383,False,False
516,516,9.98517693323602e-05,0.0001988993633412383,-0.30581243331025965,0.002494233499414646,False,False
1095,1095,0.0,0.0,-0.3063816310552179,0.0019520198130228762,False,False
2481,2481,0.0,0.0,-0.30690978784457174,-0.0017440732679272755,False,False
1818,1818,3.2879600826887836e-22,1.0927956915364289e-21,-0.3071097469837902,-0.0017227749288702956,False,False
2070,2070,0.0,0.0,-0.30715944241205817,0.0009474861930212862,False,False
586,586,3.1892301975224005e-11,8.451460023434361e-11,-0.3077032811136045,0.012362623132062007,False,False
1571,1571,0.0,0.0,-0.30853051430521844,-0.0022201538034435,False,False
2467,2467,7.390443072602308e-12,1.997708109242591e-11,-0.30968279773009566,0.0010932636821326175,False,False
2308,2308,4.64248228217212e-06,1.0072286120969922e-05,-0.31026810541242766,0.005105922344338262,False,False
2748,2748,7.687275687305523e-22,2.5435712642054394e-21,-0.3107463638982271,-0.0007744364228003682,False,False
454,454,1.290932182696906e-09,3.248728757711353e-09,-0.3107566429582276,0.00415621160227619,False,False
2073,2073,1.807457264869277e-07,4.210779562113041e-07,-0.31181071824319706,0.0010704060222527475,False,False
730,730,2.1202175278490796e-12,5.837482024727336e-12,-0.3121621103738496,-0.0024937193920282134,False,False
1432,1432,3.328596557913452e-09,8.212198324095698e-09,-0.3125829653566555,0.0021233834764063098,False,False
1965,1965,0.001174560691936602,0.002154571158014731,-0.3133163225572839,0.003381779187207678,False,False
1091,1091,0.0,0.0,-0.3142025471417583,0.003955253970418599,False,False
2547,2547,8.692583818350116e-07,1.9559961162140366e-06,-0.3143393022369051,0.0035367744788375073,False,False
784,784,8.400797958032659e-05,0.00016801595916065317,-0.31438770326059284,0.0003862104324138957,False,False
1698,1698,3.5898650114964854e-11,9.49618480759498e-11,-0.3146922934367167,-0.002821049268946649,False,False
300,300,0.0,0.0,-0.3148150300983483,0.002088971242557451,False,False
1795,1795,1.0771207461326886e-32,4.135697767816067e-32,-0.31544288064532305,0.0052983953395327205,False,False
833,833,0.0,0.0,-0.31576009693447804,0.001477564192951941,False,False
2169,2169,3.4989887220802227e-06,7.63041772750485e-06,-0.3160357202944134,-0.004995626470431699,False,False
738,738,0.0,0.0,-0.31628979846058125,0.006409102798281343,False,False
563,563,0.0,0.0,-0.31630389637728934,-0.000450093922624978,False,False
1567,1567,7.06360169340304e-07,1.6064957721088292e-06,-0.3169706441849856,0.007206193625204412,False,False
1991,1991,0.0,0.0,-0.31713038415679373,-0.0006243797825304131,False,False
2653,2653,8.259147687014944e-05,0.00016529433806514063,-0.3177590989837698,0.0019417766625955586,False,False
1559,1559,0.0,0.0,-0.3178627289439267,0.005798849279214164,False,False
843,843,5.3133776003759774e-34,2.0614515971131897e-33,-0.3192173519729657,-0.0032315782336705496,False,False
2424,2424,1.7415145448145833e-29,6.334332314962847e-29,-0.3193973030553466,-0.0012411047535569046,False,False
1609,1609,1.5055276857310213e-15,4.468406171249671e-15,-0.31968612931680795,-0.003218769496057992,False,False
20,20,0.0,0.0,-0.3199927374338987,0.006096258218083151,False,False
1287,1287,0.0,0.0,-0.32019631685830335,-0.0036048891493440853,False,False
1079,1079,0.0011547970910843618,0.002119627561124543,-0.32020328627048256,-0.001850651959491945,False,False
2551,2551,2.13101579575289e-09,5.297198393462795e-09,-0.32021564139327235,-0.0017637876753019558,False,False
2626,2626,0.0,0.0,-0.3219262537298383,-0.003188818066342371,False,False
617,617,0.0,0.0,-0.32229059813593214,0.00026337297987674214,False,False
1684,1684,1.7922015572040612e-07,4.17851863454961e-07,-0.32289565276252596,-0.0009805497095981945,False,False
358,358,2.8573047598582484e-05,5.942873529964458e-05,-0.32309521989172874,-0.0017284964028589514,False,False
2546,2546,0.0,0.0,-0.3235556089665222,-0.002041480618062377,False,False
271,271,2.2085235098850336e-10,5.665425909540864e-10,-0.3237183314265276,0.0012529616912330013,False,False
1659,1659,1.3658086506192978e-16,4.157661615423668e-16,-0.32402190382257084,-0.0009386668959026936,False,False
1647,1647,1.338012350722417e-13,3.7893326879237917e-13,-0.32435936190761866,-0.0017888961043784953,False,False
2900,2900,0.0,0.0,-0.3250004635110517,-0.0009674744558065035,False,False
2072,2072,0.0,0.0,-0.325292204119513,0.0030282149333142,False,False
579,579,0.0,0.0,-0.3253274812210122,0.0005226181622106806,False,False
1074,1074,0.0,0.0,-0.32557049959270545,-0.006222138098334765,False,False
1890,1890,0.0,0.0,-0.3255817896491081,0.00209023660029446,False,False
1455,1455,1.2061034898654177e-31,4.548558015146835e-31,-0.3262636662617068,-0.004263952068024571,False,False
689,689,4.872798195308139e-08,1.1607114802307027e-07,-0.3265806628698976,-0.004347485216842014,False,False
769,769,1.7628658822694478e-19,5.662538894562469e-19,-0.326675340662812,0.0005542673080652285,False,False
1385,1385,0.0,0.0,-0.3281223272768101,0.0008876525331663475,False,False
836,836,0.0,0.0,-0.3288737942169841,-0.0037540970510361055,False,False
107,107,3.0749041823735235e-30,1.133703802892499e-29,-0.329440139468444,-0.0036531042694633847,False,False
1987,1987,2.8767837496275664e-13,8.07785635657012e-13,-0.3306159774625135,-0.006388810354172545,False,False
2431,2431,6.2487233017872e-06,1.3419834124243422e-05,-0.33069446906793354,0.002655377939837139,False,False
2591,2591,0.0,0.0,-0.3311509590575404,0.00515378643386892,False,False
1415,1415,1.2976090020774993e-18,4.088432609518066e-18,-0.331342058780902,-0.0005468630953961397,False,False
2143,2143,5.311089628851425e-08,1.2610651214744825e-07,-0.33197834525325093,-0.0015579276258296658,False,False
2032,2032,1.1533676173837431e-36,4.625939308641824e-36,-0.33220456306973806,-0.002357184682901339,False,False
2881,2881,9.164902829804423e-07,2.057596943937937e-06,-0.332242124315819,0.00017888957301203203,False,False
122,122,2.8187299570256267e-15,8.307835662812372e-15,-0.3324446904869691,0.006046819042117654,False,False
1363,1363,3.6315014596265305e-05,7.485737137295694e-05,-0.33249266491306584,0.003397563398701034,False,False
1500,1500,1.7815609912776212e-20,5.7978870856491e-20,-0.3326339473171352,0.0017194847596650755,False,False
2148,2148,2.063124132217201e-12,5.685563996676558e-12,-0.33326120902507284,0.0031416594322128512,False,False
2584,2584,8.7192766315201e-12,2.352619367486514e-11,-0.33374491560508235,0.010060018110497582,False,False
2477,2477,6.06591757145312e-11,1.5904278579569664e-10,-0.3346841921346973,-0.0033068759303198575,False,False
672,672,2.516511921397656e-08,6.018539389772959e-08,-0.33524731716217643,-2.6678388259052544e-05,False,False
1763,1763,0.0,0.0,-0.33624625210525516,-0.004040624124983097,False,False
1852,1852,1.7093038631529662e-49,7.73355772231403e-49,-0.33631177497595677,-6.749156544619966e-05,False,False
2511,2511,0.0,0.0,-0.33835797736146456,0.006204561770583094,False,False
1988,1988,3.1725170996311205e-09,7.84015882739814e-09,-0.33870211766897357,0.0016890873963760335,False,False
996,996,0.0,0.0,-0.3390566125413176,-0.004550500716609429,False,False
1355,1355,3.449985444744561e-14,9.960658365760562e-14,-0.3395178684993653,0.0005360575076888577,False,False
395,395,5.360034515465665e-25,1.8476866947621476e-24,-0.34075069842002714,0.0013448192307526617,False,False
1024,1024,1.4065460130404545e-26,4.9345491332199394e-26,-0.3418629495238799,0.0016070818442244779,False,False
2573,2573,4.0114916218828436e-05,8.239520507784277e-05,-0.34240254441915474,0.00010919139876408275,False,False
755,755,1.1630009590552378e-21,3.8395849237774704e-21,-0.34261066408477103,-0.0024713566508117834,False,False
2184,2184,1.0694268506434714e-15,3.1836097218754495e-15,-0.3427530071045046,-0.0006291680702652593,False,False
2305,2305,0.0,0.0,-0.342784494373468,-0.00307452790734623,False,False
2040,2040,0.0,0.0,-0.3431827654645529,-0.0005620981473218183,False,False
313,313,3.3390343794051765e-37,1.3501708498739187e-36,-0.34451371812162834,0.004170372283024033,False,False
1268,1268,1.4629182908586104e-08,3.5444420304231475e-08,-0.34562016413920726,-0.0037330364287429096,False,False
1387,1387,6.908328803717188e-14,1.9734282857971718e-13,-0.3459416773074049,-0.0005384000325557772,False,False
788,788,4.029903789222204e-25,1.3907854007455236e-24,-0.34637460617769894,-0.0025237582797315522,False,False
1087,1087,6.828127808816221e-14,1.9523972385902256e-13,-0.3464118693093216,0.0007794007766222536,False,False
1206,1206,1.1256756899466045e-06,2.5196119515546925e-06,-0.34706790032212215,-0.004286512818068786,False,False
1518,1518,1.0106045089915057e-33,3.910657343789816e-33,-0.3477031807211563,0.00500406317168788,False,False
552,552,4.0145649601742863e-23,1.344833950541454e-22,-0.3481750683645214,-0.0012940069674501698,False,False
492,492,3.426359214555697e-14,9.902078041676053e-14,-0.34871460094967566,0.0002724237685845425,False,False
457,457,1.4126841049812278e-18,4.4462846485517335e-18,-0.3490623067061057,-0.0028630216873669857,False,False
1770,1770,7.77996111297264e-07,1.7586385821251175e-06,-0.34923844330902304,-0.003455913492359495,False,False
639,639,7.722599702089683e-05,0.00015486943186352823,-0.3492504595890412,-0.006402623092398427,False,False
1639,1639,2.3710746309484187e-26,8.298761208319466e-26,-0.3493203631467374,0.007539176791194417,False,False
609,609,1.802917835237897e-20,5.860964003270623e-20,-0.34963937652023247,0.0012529373750210663,False,False
2763,2763,0.0,0.0,-0.3499644208751825,-0.0028209953143599103,False,False
193,193,0.0,0.0,-0.35015130639377867,-0.004683019699491299,False,False
470,470,2.0210385114014567e-22,6.739822811055645e-22,-0.3504786058376477,0.0023635229815966636,False,False
1632,1632,2.898551692141514e-12,7.950925528905743e-12,-0.3505442786893134,0.0003068849882947285,False,False
2768,2768,1.9682983108226647e-09,4.900930693390661e-09,-0.3505585435081302,0.0018874784552732823,False,False
1683,1683,2.3104966970971897e-14,6.71650753867234e-14,-0.3511570832736148,-0.0002865420445904702,False,False
1019,1019,0.0,0.0,-0.351571663702857,-0.0013055899382433307,False,False
1578,1578,6.779200093782577e-23,2.2658407520660686e-22,-0.3518500367277965,-0.001626592107056418,False,False
2794,2794,3.0480633241722335e-09,7.538876621785991e-09,-0.3520268668877028,0.0030264718192529703,False,False
2175,2175,5.025852935224262e-19,1.602226800402321e-18,-0.3526027016682132,-0.00047200607513550304,False,False
2915,2915,5.3395337946649216e-06,1.1534014776248535e-05,-0.35278754480885455,-8.33384384760161e-05,False,False
2932,2932,0.0,0.0,-0.3544084559325136,-0.0018578084877985644,False,False
1368,1368,1.1186982235341973e-10,2.894765760636005e-10,-0.35469589117511746,0.0007966504733384688,False,False
2225,2225,0.0,0.0,-0.35481979375819667,-0.002266433544561021,False,False
2492,2492,5.510270991058625e-27,1.944647360459215e-26,-0.3555240544838413,0.002180230658800175,False,False
2419,2419,9.807347394499557e-24,3.315285542924224e-23,-0.3557583523778105,-0.001476691852424147,False,False
2061,2061,8.395369284877719e-11,2.1819138386617399e-10,-0.35579260371364546,0.00040205739041362216,False,False
40,40,1.4189222367500812e-05,3.0038239648175757e-05,-0.35603760912317306,0.008156474465856324,False,False
1583,1583,1.8593799198739917e-06,4.106130656388398e-06,-0.35638342055116656,0.002443355266812124,False,False
455,455,1.0967293684365069e-34,4.294317632611547e-34,-0.3564334423097965,0.0024191156679161307,False,False
1030,1030,0.0,0.0,-0.3567302027406073,-0.005986663275125929,False,False
1556,1556,0.0,0.0,-0.35774796382166635,-0.0036811734795757795,False,False
1357,1357,0.0,0.0,-0.35775357307613265,0.0019390953172493568,False,False
2648,2648,2.966188375546667e-21,9.760140907563755e-21,-0.3580227588432872,0.0013773260134733072,False,False
821,821,6.352423105787821e-10,1.6100761552500644e-09,-0.3582427869638613,0.0003358991014509936,False,False
897,897,0.0,0.0,-0.3584272885745021,-3.842966306896419e-05,False,False
1819,1819,0.0,0.0,-0.36090911713633217,-0.0034314062878878504,False,False
1252,1252,3.2476689303907435e-06,7.097998074668429e-06,-0.362023117290308,0.004937967578402093,False,False
2318,2318,2.5358898269245193e-14,7.342947323231193e-14,-0.3621119291144184,-0.0005477116803417803,False,False
704,704,1.584105963389032e-08,3.83493189179335e-08,-0.3624582559025331,0.00024547616484645865,False,False
2307,2307,6.761797137366146e-11,1.7666385478611552e-10,-0.3635628588169767,0.0013393083600600837,False,False
2332,2332,6.898318536181585e-08,1.6301122146008716e-07,-0.36368042877715473,0.003319785128756252,False,False
121,121,3.2887147550530405e-47,1.4590292067260723e-46,-0.36418363859285635,0.003977234770071181,False,False
2280,2280,2.3790697855859164e-14,6.909079377318004e-14,-0.36420506773192496,-0.0005966062306660453,False,False
2717,2717,2.02070930723109e-24,6.917491607683823e-24,-0.36448366921331066,0.0004508037297086837,False,False
437,437,2.296553534820889e-51,1.0666934102266665e-50,-0.36521401722140445,0.002233580186141352,False,False
888,888,0.0,0.0,-0.3654116269667639,0.006646193538027097,False,False
619,619,5.3082862014883284e-08,1.2610651214744825e-07,-0.36677829516353194,0.006528016491125899,False,False
1959,1959,0.0,0.0,-0.3669105132085514,-0.0013917549816456817,False,False
509,509,0.0,0.0,-0.3673830835760139,0.003387498850568405,False,False
388,388,0.0,0.0,-0.36786554126638293,-0.004118836890994006,False,False
2252,2252,1.4141794624053596e-11,3.7881630364793384e-11,-0.3681790708454119,-0.0004641397755856646,False,False
184,184,0.0,0.0,-0.3682234500111417,-0.0017808673350274951,False,False
1614,1614,6.1920598923474785e-06,1.3327073067793559e-05,-0.3695167228481601,0.001629802216791203,False,False
1124,1124,0.0,0.0,-0.3702784726377472,0.0032437890327022554,False,False
1347,1347,2.0095972127374142e-08,4.841302376140134e-08,-0.37042532096471653,0.0019374473813671249,False,False
211,211,2.3020028692979763e-24,7.853269558708499e-24,-0.37072189396131017,0.0012662549889514703,False,False
1212,1212,2.644367789702604e-59,1.3325099490385958e-58,-0.3716385154716137,-0.010122413291012655,False,False
2128,2128,7.21739175411622e-10,1.8277490380731178e-09,-0.37207220533154745,-0.004362322984521625,False,False
322,322,2.9991757817252645e-28,1.0802856456505564e-27,-0.37254046941466606,0.0013276973757323,False,False
351,351,0.0,0.0,-0.3727922851020353,-0.0017703193951198368,False,False
572,572,5.665378956792122e-19,1.802234163318223e-18,-0.37370672617799816,-0.00015538521213739952,False,False
205,205,5.961006378736064e-22,1.9767896013506855e-21,-0.3742827777842921,0.0008587903139153064,False,False
2751,2751,0.0,0.0,-0.3752845331420739,-0.00197929498006392,False,False
1629,1629,3.2600883831461236e-24,1.1096264129790934e-23,-0.3756985992608936,0.0034484235930008047,False,False
1164,1164,0.0,0.0,-0.3766353565973722,-0.0005821881967038246,False,False
1411,1411,5.611662342303293e-43,2.4068517098202562e-42,-0.37913800261778796,-0.002047902431668064,False,False
2259,2259,0.0,0.0,-0.379552072767451,0.00531306577490045,False,False
192,192,0.0,0.0,-0.3797981937128839,-0.0027277826108964244,False,False
1093,1093,1.528955399807398e-10,3.935767239053215e-10,-0.3801067426810619,0.0021662331765631955,False,False
679,679,0.0,0.0,-0.3810023280490294,-0.0010358343043882711,False,False
372,372,1.0914348113862735e-36,4.383462138287496e-36,-0.3811350449214141,-0.0028966877081971747,False,False
1352,1352,1.2894596738115664e-34,5.022462351539014e-34,-0.3819517739871085,-0.0010034088748370887,False,False
2052,2052,7.613968237376931e-06,1.6292903913867864e-05,-0.3823543175202481,-0.0016209095341967823,False,False
578,578,9.105747182558434e-16,2.716166596767179e-15,-0.3829533205807936,-0.00262910099234727,False,False
2417,2417,0.0,0.0,-0.3838402928867149,-0.002269448351250001,False,False
79,79,2.885681573897552e-24,9.833183595095217e-24,-0.38568121903070707,0.0015753305873610576,False,False
1742,1742,2.494355410899081e-23,8.384198028933717e-23,-0.38654102059706913,0.0008442970306473457,False,False
446,446,4.289869518081859e-14,1.232558831526327e-13,-0.38733761954694995,0.00040777114892642753,False,False
1550,1550,2.9117734805081196e-13,8.168377778967957e-13,-0.3876892518486872,0.003391515866465565,False,False
787,787,8.327215368030654e-11,2.1660977399049063e-10,-0.3894063985182751,0.0008040564633639794,False,False
2059,2059,2.9131168715555434e-20,9.449323360411861e-20,-0.3899464556169241,-0.005666971181466918,False,False
1371,1371,5.050114018010686e-49,2.2710209705235935e-48,-0.39086449346482016,-0.0022290196387929786,False,False
1010,1010,2.06048141020587e-07,4.788965407588898e-07,-0.3928010505282342,0.003257184761817568,False,False
1626,1626,4.949042857175683e-11,1.3033504170450248e-10,-0.39330463857140635,-0.0017660082945850511,False,False
517,517,0.0,0.0,-0.3935154256476291,0.0003988163456102314,False,False
829,829,0.0,0.0,-0.3954620185033475,0.0036489959809547206,False,False
1605,1605,0.0,0.0,-0.39547389538336547,-0.002896753201166664,False,False
759,759,1.0770660212572081e-29,3.9368620087332433e-29,-0.39555058083504785,0.0033239530580351936,False,False
429,429,1.9422410536204984e-09,4.844177686677008e-09,-0.3961114815927646,-0.0008412748138084622,False,False
1523,1523,0.0,0.0,-0.3993669225482961,-0.003946176695771582,False,False
901,901,1.4470070682456576e-20,4.7246611425226747e-20,-0.39993795600651005,0.0025430658686031024,False,False
2633,2633,1.0838021093110235e-29,3.956610898444179e-29,-0.4008389754657056,0.006142957361613467,False,False
1075,1075,1.0049185905556492e-17,3.1231396615383946e-17,-0.40123451204943705,0.001111097908350678,False,False
1961,1961,3.3228249519192862e-12,9.097919241048378e-12,-0.40254474642346905,0.004356480206691044,False,False
2056,2056,2.6261349265541533e-14,7.596850352838915e-14,-0.40296909513977425,-0.0003897425996682156,False,False
2617,2617,8.644496652288216e-23,2.886036677614333e-22,-0.4044136324285879,-0.0007595054332442172,False,False
865,865,1.827001657161317e-11,4.8720044190968455e-11,-0.4048190214852258,0.0028370694388373786,False,False
2666,2666,3.766849671195715e-21,1.2353602015589926e-20,-0.4048300666678931,-0.0043401690382381015,False,False
1519,1519,3.9026649124656766e-57,1.9337411452751466e-56,-0.40508248311887773,0.0024316553936458703,False,False
1015,1015,0.0,0.0,-0.4054187337222784,0.0073659237770778855,False,False
809,809,3.343429264481975e-33,1.2904158721693762e-32,-0.40625717265848765,0.0013928756150836425,False,False
1631,1631,0.0,0.0,-0.4078319363358118,-1.3130838400647604e-05,False,False
2801,2801,9.548962112146707e-28,3.41461681311463e-27,-0.40787550555395,0.0002499996424729729,False,False
2089,2089,7.261251200650269e-19,2.3024993123429484e-18,-0.4083465032206872,-0.0047512556535230475,False,False
1517,1517,9.891493779371287e-14,2.817461951744144e-13,-0.4086100975362671,0.0027810618448139133,False,False
2734,2734,0.0,0.0,-0.40977303246477487,-0.0005125697537545789,False,False
877,877,0.0,0.0,-0.4098880552678406,0.0013986911271023608,False,False
1018,1018,6.0721933760737124e-09,1.4857600939972613e-08,-0.40989764733146955,0.0011454959896007846,False,False
2485,2485,0.0,0.0,-0.4100682060869085,0.005013678069431962,False,False
2579,2579,6.421657995563087e-24,2.178226392094999e-23,-0.41171892445760067,-0.0037087884388355458,False,False
2133,2133,0.00027896349953347884,0.0005411527232780164,-0.41249030628334693,-0.008627050273126205,False,False
1779,1779,6.526583317291225e-53,3.0845381028217127e-52,-0.413300202145778,-0.0027154729774812965,False,False
1853,1853,1.0396902559899872e-21,3.4363036523143456e-21,-0.4147731863139721,-0.0007954663080216955,False,False
2258,2258,0.0,0.0,-0.4149495775738175,0.005710701069945243,False,False
2446,2446,0.0,0.0,-0.4158283427467143,-0.0032478222553244587,False,False
856,856,3.834984161939382e-09,9.430184749491371e-09,-0.41613757796597767,0.006009310023999171,False,False
2529,2529,1.089671469378003e-24,3.743223288326287e-24,-0.41672035730179985,0.006600138625370386,False,False
1603,1603,2.450960333626004e-44,1.0697720985591147e-43,-0.41695553450745715,-0.0031435992580469948,False,False
74,74,1.7147317982167235e-16,5.209134060498706e-16,-0.41765835605406343,0.004700564396206855,False,False
567,567,2.3328842148451693e-71,1.3315385287808582e-70,-0.4185594631841025,0.0025457773632867014,False,False
2034,2034,0.0,0.0,-0.4193465080484568,-0.00140278237700649,False,False
881,881,1.2171968665020139e-19,3.926782934541279e-19,-0.42105319197125174,-0.00027122035875475254,False,False
2944,2944,1.424364946251333e-19,4.585157440861124e-19,-0.42199437962448405,-0.00021692856762096252,False,False
1718,1718,0.0,0.0,-0.42382675299063194,-0.007258792204234449,False,False
1435,1435,0.0,0.0,-0.42420762805337725,0.003968613144840146,False,False
2704,2704,2.2507018082801587e-07,5.226981977289133e-07,-0.4247413668050288,0.002984599797388969,False,False
31,31,0.0,0.0,-0.42477424874580144,0.0015914796401217334,False,False
1612,1612,2.484323521006433e-16,7.531636578495498e-16,-0.4248826013848209,-0.0010478208181037183,False,False
2637,2637,1.1420280030827569e-34,4.460423802978102e-34,-0.42653151607906453,-0.0018037027201627369,False,False
116,116,0.0,0.0,-0.4277865211807238,0.00430299233497552,False,False
371,371,1.300011068961447e-23,4.3895709359244313e-23,-0.42794992565103146,-0.0010299860968977523,False,False
1078,1078,5.803902032230301e-30,2.1319283702548926e-29,-0.4282469220961197,0.0007957139729923666,False,False
2369,2369,4.772207104017917e-16,1.4335941988588237e-15,-0.42882138051156776,-0.0005076852130102487,False,False
2057,2057,0.0,0.0,-0.429030473877788,-0.0007666605467162564,False,False
737,737,0.0,0.0,-0.43007643860202227,0.0018512851713452792,False,False
927,927,2.1777130907841143e-17,6.732762972340887e-17,-0.43108831263632547,-0.00018293078845075172,False,False
201,201,0.0,0.0,-0.4318003503704156,0.004177415126214546,False,False
1557,1557,0.0,0.0,-0.4322512485725441,0.0033426865080777423,False,False
360,360,3.160399324171194e-20,1.0240245845131119e-19,-0.4342554248811208,0.002669265396891451,False,False
792,792,2.182102530206041e-81,1.3779745339684106e-80,-0.4344233605232425,-0.0014011091698462807,False,False
1422,1422,2.6456175633523525e-38,1.0830610935213493e-37,-0.4350616541876427,0.0005955509600800047,False,False
1660,1660,0.0,0.0,-0.43653513889421103,-0.0035570054831161853,False,False
575,575,3.425621227940746e-13,9.59173943823409e-13,-0.4379521456906939,-0.000654166021158364,False,False
1968,1968,2.8016335647460183e-25,9.69143172513541e-25,-0.4383713590285575,-0.0021010318535752553,False,False
2236,2236,0.0,0.0,-0.4402257784207629,-0.0033657852677397705,False,False
424,424,0.0,0.0,-0.4403011988594313,-0.004210443771596679,False,False
2479,2479,7.388276461699357e-09,1.8018409645294734e-08,-0.4405458498906451,0.0014713049760045943,False,False
2048,2048,4.3340720271214347e-14,1.2440547172627098e-13,-0.4411494512197518,0.0025194889527779766,False,False
1657,1657,0.0,0.0,-0.4423214402622492,5.810867791336853e-05,False,False
1740,1740,1.770925930557916e-49,8.000164629978532e-49,-0.444175294832526,0.004482794948774885,False,False
142,142,3.791116959663147e-35,1.4923123522918062e-34,-0.44501080737644166,-0.004202705148825598,False,False
826,826,7.882830811789933e-26,2.7364025554845055e-25,-0.44623806230480584,-0.002001836223653731,False,False
1711,1711,0.0,0.0,-0.4467924626557658,0.002311411447588373,False,False
1630,1630,9.74081466654507e-55,4.7162704617138283e-54,-0.4470921310881472,-0.002186080267041022,False,False
1964,1964,0.0,0.0,-0.4486958023786476,-0.00043680794654724216,False,False
2135,2135,1.3836632340864183e-41,5.850017776023489e-41,-0.4490909338626194,-0.005453896871910523,False,False
2605,2605,4.76242580528114e-134,4.3225932079738295e-133,-0.45133666962951363,-0.0007499585365861684,False,False
1766,1766,2.7301670290163196e-47,1.2130442727725204e-46,-0.45194220971030996,-0.0029486807417851693,False,False
2507,2507,8.572587515853482e-19,2.712520228896923e-18,-0.45304525554354635,-0.0017009811430940443,False,False
681,681,6.907682602871713e-103,5.151256775206845e-102,-0.4530913357251824,-0.0022243887431182044,False,False
1099,1099,3.2174709593983057e-16,9.704729479160743e-16,-0.45463629475872647,0.0056330497938256174,False,False
2368,2368,1.9265871221778693e-55,9.389344135671454e-55,-0.45676136009110063,0.0008235179159762549,False,False
1566,1566,2.1362661957773534e-30,7.905783128512698e-30,-0.45708625286954435,-0.001849109901568754,False,False
244,244,1.8130806958558547e-16,5.502273522801817e-16,-0.4576833231406893,0.0006735058611533906,False,False
799,799,3.429478663450101e-21,1.1259615788849448e-20,-0.4594870981769144,2.4913219730871624e-05,False,False
1297,1297,6.891029955890665e-20,2.227949554366394e-19,-0.46061169357066534,0.003116338037313519,False,False
164,164,5.232982159639909e-43,2.247683219943741e-42,-0.46256190024542543,0.003729659057163404,False,False
1864,1864,1.9114454250125812e-17,5.915714308068134e-17,-0.46340806294935716,0.004733152939948727,False,False
251,251,1.1009527516818622e-43,4.777233577473344e-43,-0.4635975422631832,-0.0012210557479726048,False,False
2230,2230,5.7290595185577925e-124,4.7898165214308525e-123,-0.4640681874515615,0.0020181752066568,False,False
1922,1922,1.1051640680951355e-09,2.7892236004305797e-09,-0.46434128280089065,0.0018549391772455343,False,False
2053,2053,8.995084231587883e-35,3.526738441129833e-34,-0.4649163261085083,-0.0032114935222524784,False,False
1866,1866,1.5715014231694361e-62,8.182835480643661e-62,-0.46636737648444027,0.003880436413731336,False,False
1498,1498,3.836522735366408e-12,1.0456197868289714e-11,-0.466610360426013,-0.0035421825358592997,False,False
1320,1320,3.356649005212375e-07,7.740896851181297e-07,-0.4666205903706068,-0.0028555681353184463,False,False
2121,2121,1.556222141704822e-106,1.2028300303593519e-105,-0.4673458863043556,-0.0010682027530855816,False,False
320,320,0.0,0.0,-0.4692084066840431,-0.0008260421721560976,False,False
1400,1400,0.0,0.0,-0.47148731024568635,-0.0023318866264499995,False,False
1365,1365,1.082478795682013e-55,5.301645322746229e-55,-0.47522749790677105,-6.399041572748465e-05,False,False
485,485,0.0,0.0,-0.47598233698333564,0.0017673127639306827,False,False
2178,2178,1.3575545137288224e-13,3.837354092140138e-13,-0.4764929309682051,0.0018028934227861994,False,False
1569,1569,1.4384617972349455e-13,4.0621832675483525e-13,-0.47649600599784836,-0.002966574082621363,False,False
966,966,6.320748411416928e-17,1.940018747164989e-16,-0.4785131730008423,-0.0015756210013583467,False,False
880,880,0.0,0.0,-0.47953416064606286,0.0017738959113170942,False,False
59,59,2.4689784894900184e-66,1.3495263640527392e-65,-0.48125157435902466,0.0006066121060572596,False,False
2014,2014,9.01285764347311e-12,2.4296241131542407e-11,-0.4834708211447342,-0.0009997505134407452,False,False
2958,2958,0.0,0.0,-0.48357247586567126,-0.0018464455680291157,False,False
487,487,1.2394828708677872e-99,8.950815476242316e-99,-0.4838398860463171,0.00269888609442675,False,False
1843,1843,7.825323001266132e-48,3.497825100565946e-47,-0.4845288042063963,-0.0030961632217853755,False,False
715,715,6.1707527072109495e-77,3.7149683640977887e-76,-0.4848857402582621,-5.3730097011731644e-06,False,False
92,92,6.211633720734584e-23,2.0784812720563976e-22,-0.48637685276666437,-0.0009890987963345299,False,False
1696,1696,7.132149824178941e-32,2.703476459535517e-31,-0.48779394018001476,0.001990388284887286,False,False
104,104,2.7940473361380392e-30,1.0314343897584205e-29,-0.4890078431076359,-0.004068553964862594,False,False
1029,1029,0.0,0.0,-0.49026322643676556,0.003992331847643868,False,False
2248,2248,7.689081269458419e-24,2.602188507155369e-23,-0.4906369662349218,0.0025461126174604674,False,False
2515,2515,0.0,0.0,-0.4930130493156279,-0.0001977212248760339,False,False
1122,1122,0.0,0.0,-0.499136839847671,-0.0021007972772380027,False,False
84,84,7.088248666564394e-13,1.9791083765158156e-12,-0.500234896756442,0.00585085849449809,False,False
1812,1812,1.6985134373594314e-12,4.693843465626436e-12,-0.5030803886797865,-0.0057182501335285634,False,False
225,225,0.0,0.0,-0.5037743910769819,-0.0024280386356827256,False,False
1591,1591,3.3735743022532754e-35,1.3314851767403887e-34,-0.5066671164230485,-9.665662805443515e-05,False,False
611,611,0.0,0.0,-0.5067531944116126,0.0022335817292558815,False,False
795,795,6.431461018717386e-09,1.571076238975572e-08,-0.5076588483329838,0.0007548996392099012,False,False
1872,1872,0.0,0.0,-0.507891506560693,-0.0014244231197858425,False,False
303,303,1.7047730376412818e-07,3.9787128625606887e-07,-0.510010466545701,0.0006394017569971693,False,False
228,228,2.3547383560067217e-48,1.0557195529649471e-47,-0.5111136547180942,-0.0005395736957033978,False,False
2420,2420,1.1202657262889355e-72,6.468771742462181e-72,-0.5121005125826005,0.00545562805131781,False,False
1691,1691,0.0,0.0,-0.512731489216568,-0.0025266762780736408,False,False
651,651,3.2304196348964126e-53,1.5340616762196084e-52,-0.5190532948456579,-0.00027138589408717525,False,False
493,493,1.506490235759652e-27,5.3676626887570785e-27,-0.5191395340679571,0.0038147675881494455,False,False
224,224,1.8629304169765724e-138,1.7171358626044928e-137,-0.5191506800217089,0.0021275738884880034,False,False
2290,2290,4.0181908042078037e-39,1.6594176242285829e-38,-0.5230337815707209,-0.0060247237375542,False,False
514,514,1.7836102314303723e-208,2.2916689034135693e-207,-0.527085068716132,-0.00048104572982741014,False,False
294,294,1.0936249670265451e-10,2.832355062944839e-10,-0.5307068763854712,-0.0010528946777924623,False,False
1894,1894,4.393766216084942e-68,2.4375136690355344e-67,-0.5321125357700092,-0.002634882737580107,False,False
1874,1874,0.0,0.0,-0.5321853008906012,0.0011063356664391254,False,False
1641,1641,0.0,0.0,-0.5324844482525,0.0012279634303953187,False,False
676,676,6.700076261183839e-39,2.754269576619617e-38,-0.5328436178954534,-5.417877158150875e-05,False,False
2555,2555,3.4280445194447393e-15,1.0083682986830512e-14,-0.5366163622586356,-0.0021523492875582936,False,False
1653,1653,1.4320609250467216e-47,6.39151402336642e-47,-0.5378594630201564,0.001987191615239025,False,False
137,137,4.0417912850646655e-65,2.1771391168914568e-64,-0.5385342221710575,0.0004387656619660508,False,False
2940,2940,0.0,0.0,-0.5385417440607074,0.0025226104886277648,False,False
1065,1065,1.2358761794900953e-09,3.1138204590208852e-09,-0.5386672866931868,0.0025293739491568414,False,False
1303,1303,0.0,0.0,-0.5403606350115338,-0.0011816401970264371,False,False
299,299,1.5569009360518174e-18,4.895002095552748e-18,-0.5411562411143046,0.0012449729152835243,False,False
397,397,0.0,0.0,-0.5416814270881118,0.002265609564629286,False,False
1544,1544,2.1960732643852694e-43,9.48754796025543e-43,-0.5423652529493882,0.0013233930151757172,False,False
82,82,0.0,0.0,-0.5457309070720745,0.003954778597750641,False,False
238,238,1.243722542373059e-32,4.7692099557664587e-32,-0.5465588805952558,0.004090657853491907,False,False
1480,1480,8.216275122279449e-30,3.0106055015957287e-29,-0.548312325954206,-0.0013741625323582102,False,False
1310,1310,0.0,0.0,-0.5487044434380225,-6.817655922586796e-05,False,False
1272,1272,1.737995636103195e-27,6.17768987778956e-27,-0.5517915837501667,-0.00475639679121852,False,False
1457,1457,6.102002995481355e-203,7.577717527442955e-202,-0.5519152994028841,-0.003708677499083982,False,False
675,675,2.849890617957317e-54,1.373129115924889e-53,-0.5525601301295231,-0.0006032989150107624,False,False
1213,1213,8.386684205099002e-38,3.405154407761127e-37,-0.5528583610623843,-0.0002004334071518401,False,False
1340,1340,2.6851064550670066e-79,1.6499784593455229e-78,-0.5529265792236924,0.0014597090537310836,False,False
1712,1712,2.6241822357366566e-64,1.395801590621218e-63,-0.5544752434420613,-0.0024665767412265106,False,False
1811,1811,3.805510162296313e-15,1.1182924912569758e-14,-0.5607544058553036,0.00036187951140130895,False,False
139,139,0.0,0.0,-0.5615606198782109,0.0012496709044494767,False,False
203,203,0.0,0.0,-0.5635885267694742,0.0024044336678090304,False,False
2120,2120,8.052174718419684e-69,4.509217842315023e-68,-0.5683622159550152,0.0013468078274344044,False,False
2618,2618,0.0,0.0,-0.5735055865512366,0.0026936312935482926,False,False
925,925,4.89909807887649e-20,1.5856622789646045e-19,-0.5760344018985595,-0.002184622896320097,False,False
200,200,2.430882026075235e-44,1.0625711124287623e-43,-0.5813398410344237,0.003060880591777219,False,False
2096,2096,0.0,0.0,-0.5815360792853232,-0.0006425208923817051,False,False
2408,2408,2.084755562605948e-99,1.494578384013153e-98,-0.5819389462936441,-0.004495287383216975,False,False
775,775,4.6763224133998376e-42,1.9855972708112613e-41,-0.5824500372479119,-0.002173674545289208,False,False
2613,2613,0.0,0.0,-0.5843185167256808,0.003425722617462569,False,False
1906,1906,0.0,0.0,-0.5844827537750861,0.0010663390010274259,False,False
1560,1560,1.0788914167549954e-17,3.349529000971576e-17,-0.585878730402019,-0.0017945943176338529,False,False
1909,1909,0.0,0.0,-0.5859090154719444,-0.0009397298069173472,False,False
2544,2544,9.307863788987224e-17,2.8450813311754975e-16,-0.5859632345141951,0.0014823608340546225,False,False
915,915,7.254173279663725e-17,2.2219180902004063e-16,-0.5866567498511488,0.00415824866292314,False,False
793,793,0.0,0.0,-0.586816535925728,-0.001873529048358897,False,False
1172,1172,0.0,0.0,-0.5873792526623632,0.0009069742285425246,False,False
2207,2207,5.0190151585583576e-77,3.027731095650651e-76,-0.5897340396218322,-0.0021654386244544487,False,False
233,233,2.9790731605317436e-54,1.4330452415653508e-53,-0.5901739861904501,0.000573766814942214,False,False
2498,2498,1.0050772537479413e-32,3.8640793900568524e-32,-0.5921007165615602,-0.0012046314360469753,False,False
2026,2026,1.1210835219661171e-13,3.187141660148884e-13,-0.597378417259762,-0.0019280415462879113,False,False
1832,1832,0.0,0.0,-0.599827497675428,0.0038086388193455563,False,False
132,132,1.420161453690446e-17,4.399832144627603e-17,-0.6017737129754832,-0.0003208548272796408,False,False
2570,2570,3.7257438857950424e-65,2.010546882370852e-64,-0.6030364205149854,-0.002445936379992078,False,False
2594,2594,1.0729858051574606e-192,1.2945617356533915e-191,-0.6040651565118743,-0.0019350765164167483,False,False
2138,2138,5.2779310495627974e-61,2.700844716396963e-60,-0.6084580152416205,-0.0017072738354902204,False,False
1907,1907,0.0,0.0,-0.6140046530385803,0.0026728263801337818,False,False
483,483,2.1662516575946967e-24,7.407183087259286e-24,-0.6143441790381305,0.004911738990686272,False,False
17,17,9.780434092189415e-65,5.239770466718083e-64,-0.6144998414759566,0.001688039932002128,False,False
1690,1690,7.221239862272743e-126,6.14115756768639e-125,-0.620166101137066,-0.0050946832518044115,False,False
1159,1159,4.292688224143398e-77,2.594846975408881e-76,-0.6213839448858979,0.004195830607380163,False,False
2389,2389,0.0,0.0,-0.6234482533160114,-4.371135575155418e-05,False,False
2301,2301,2.440777250261669e-20,7.925849976779686e-20,-0.6294287995149461,-0.0052920673574031775,False,False
46,46,3.4933526183485797e-19,1.116067876346457e-18,-0.6316705503732801,0.005297433205899596,False,False
2929,2929,5.902507039333696e-17,1.8135239019402082e-16,-0.6351771681275051,0.0011351451744340598,False,False
430,430,0.0,0.0,-0.6379118048039348,0.0038835568025933575,False,False
447,447,3.753740313407867e-76,2.2461897681843847e-75,-0.637983391238742,0.0028992205645435526,False,False
83,83,5.951427896510682e-97,4.185743601147796e-96,-0.6447972373844806,-0.0009632461691640944,False,False
1705,1705,9.843489385144406e-55,4.7582209275421173e-54,-0.6458710281122509,-0.0027002383103486042,False,False
267,267,2.1178411319325602e-55,1.0304512261599736e-54,-0.6555524311859456,-0.0021013205403281193,False,False
2960,2960,0.0,0.0,-0.6573911157611393,0.001010979259327019,False,False
171,171,1.7176226918665978e-35,6.788154659733771e-35,-0.6666470745688887,0.001309353548111226,False,False
179,179,0.0,0.0,-0.6668253446636164,-0.0010297332730219194,False,False
2177,2177,0.0,0.0,-0.6693039752550801,-0.0005006668899198131,False,False
723,723,1.0568130949923631e-106,8.211050434390926e-106,-0.6705235809863244,0.0024082700973851586,False,False
1301,1301,4.0822633498785854e-14,1.1740462812441514e-13,-0.6745469929603077,-0.0016350618199438092,False,False
798,798,1.0348579332037288e-43,4.4970107551225e-43,-0.6827676479947427,0.0024754544248295667,False,False
1584,1584,2.4723024917032515e-31,9.218333913788003e-31,-0.6827900272371862,0.003296012806119764,False,False
1689,1689,2.9213916211633282e-67,1.6056833947431032e-66,-0.6845170409914878,-0.0015326244154728413,False,False
2761,2761,0.0,0.0,-0.6849484598910567,0.002457011178615841,False,False
1896,1896,1.7595877506931658e-18,5.5205670655997004e-18,-0.6862544334956846,-0.0002054011239010149,False,False
1197,1197,0.0,0.0,-0.6879911413443383,0.0031141414333706405,False,False
2093,2093,1.3055238336769356e-93,8.94871764053844e-93,-0.6892698656079611,0.0016633372873223911,False,False
2124,2124,4.6405064024151625e-36,1.843778179701232e-35,-0.6907289926183632,-0.0003551215596302652,False,False
30,30,0.0,0.0,-0.6934546176726105,0.004994861860584029,False,False
1636,1636,1.1154758783747446e-55,5.454254377291997e-55,-0.7084159212142995,-0.004710184450297875,False,False
2438,2438,1.873493719761817e-26,6.564969728752151e-26,-0.7100103710268342,0.005593439286425549,False,False
2031,2031,1.243221337286456e-237,1.773981215897212e-236,-0.7108764890927239,0.0023384562580771612,False,False
1842,1842,1.7233946329500081e-105,1.3115475052809293e-104,-0.711646169902564,0.004499217527723323,False,False
88,88,1.4265116314024844e-94,9.846247725587381e-94,-0.7164851533763967,0.0009423513974656248,False,False
2350,2350,7.523886165542458e-152,7.369932059184823e-151,-0.7168223962390761,0.0016429907837596483,False,False
2425,2425,2.3031077764218685e-22,7.6718562069810385e-22,-0.716955388541928,0.0051311589278669745,False,False
2299,2299,3.791254202522293e-195,4.6116567512648216e-194,-0.7259110288598251,-0.0034673921544150885,False,False
109,109,0.0,0.0,-0.7294935472269362,0.0035272687961441897,False,False
2961,2961,0.0,0.0,-0.7426639840044679,0.0018553834100686643,False,False
344,344,8.408091833463318e-40,3.5000303733126406e-39,-0.7510485608007774,0.0025480477262246836,False,False
1449,1449,0.0,0.0,-0.7576355319346062,0.0008638593777400578,False,False
973,973,2.4996705939775738e-17,7.720106475468719e-17,-0.762910784672232,-0.00452551265706534,False,False
1597,1597,1.7942286040687088e-62,9.309913456076796e-62,-0.7726161848681318,0.0011765117713239104,False,False
872,872,1.9522827773512363e-97,1.3763361717763585e-96,-0.7742174159028453,0.003619506946481094,False,False
1288,1288,1.938211456634033e-161,2.0184602116806352e-160,-0.7860234478021666,0.0034344680352141796,False,False
1063,1063,0.0,0.0,-0.7910315207890265,0.005383241830507542,False,False
2427,2427,0.0,0.0,-0.795495044974098,0.002296812400066358,False,False
318,318,0.0,0.0,-0.8128975549098446,-0.005124849549940826,False,False
1846,1846,2.0315377058127704e-90,1.3549671709780455e-89,-0.8187051139171619,-0.002497581324964701,False,False
1860,1860,1.1288551992582572e-97,7.996282175175435e-97,-0.8197551647619146,-0.003920095990432317,False,False
682,682,4.901032311070435e-81,3.0688320462567617e-80,-0.8255231933092021,0.0005483107145231305,False,False
1791,1791,9.076912549537256e-74,5.292785156586753e-73,-0.8335807958163419,0.005174294311149873,False,False
2017,2017,5.328504732950543e-69,2.989603411606278e-68,-0.8368888226507482,-0.0008544822248080341,False,False
2880,2880,4.044387793424971e-112,3.2095569440869824e-111,-0.8474838545014889,0.005913944954491924,False,False
1416,1416,2.563889773225456e-106,1.9765259342683516e-105,-0.8601321340641337,-0.001646126168191315,False,False
2643,2643,1.2064374766375232e-21,3.978562700733521e-21,-0.8944216998453286,-0.0035235760943367134,False,False
2423,2423,0.0,0.0,-0.9022186510564111,-0.0007353665997205537,False,False
974,974,6.655150857875189e-25,2.2888166565670408e-24,-0.9112308684179481,-0.0023086909072500455,False,False
2572,2572,2.2539883663976176e-36,8.979647612708898e-36,-0.9290261899613377,8.857942325512505e-05,False,False
1821,1821,2.8876648159951937e-58,1.4404351552728965e-57,-0.9502261644989788,0.0015774743559378618,False,False
2583,2583,0.0,0.0,-0.9655651500036493,0.0028213914353492904,False,False
1148,1148,2.1775230851474924e-31,8.149922467487714e-31,-0.9797866201230134,0.0007266434589921563,False,False
2239,2239,7.4082192277863e-142,6.936149737561431e-141,-1.0360602272477353,0.002076617072605516,False,False
182,182,1.9412772136736218e-75,1.1477511494389063e-74,-1.0537365910031737,0.00021700058355751456,False,False
334,334,5.691059673049979e-25,1.9595203143401784e-24,-1.0839911982495847,-0.00233188812962397,False,False
2698,2698,5.2262690063159805e-39,2.151396173473763e-38,-1.236196589549316,-0.005574810673542848,False,False
2689,2689,9.039939611263158e-30,3.308328084615173e-29,-1.2415562511704432,-0.006502680781493268,False,False
37,37,2.5950514801431345e-164,2.7215946265246725e-163,-1.2583173927900382,0.002025680957852644,False,False
1553,1553,9.947747500441861e-70,5.602450584689078e-69,-1.3019508256223686,-0.0016901550723599488,False,False
